5870
67 4891
67 3633
67 2066
3633 2585
3633 5713
3633 2355
67 2760
67 3940
2355 1565
2585 3525
3525 5616
67 4125
4125 2783
67 5838
2585 775
5838 1860
2585 5842
5838 3278
2760 5574
1565 4589
4891 826
1860 1883
5842 131
2355 1506
2760 541
2760 4578
1860 4445
5574 4571
3633 3329
826 356
826 922
2783 2461
922 4661
4891 845
845 5177
3278 4169
3525 2046
4125 5269
845 4831
2783 4981
4578 5202
5177 1067
2783 195
4571 5504
4571 4151
131 841
922 4841
4571 3499
4589 1721
5616 2906
775 4527
67 3463
2461 1499
826 1192
5713 1320
3633 1293
195 5080
4831 1734
1320 5004
67 5774
1499 870
1192 4847
67 3391
3525 2545
4831 1586
5080 1135
541 1317
5004 3641
5713 1601
4445 2363
775 561
1586 2322
3525 548
1067 4904
1317 4369
5504 1690
1601 2796
5004 161
548 5364
845 4008
4571 3985
1320 2029
826 5615
5004 3703
3329 4826
1506 331
1320 2433
3985 3816
2783 5172
5202 480
1135 4746
2029 3939
1565 238
5202 743
4847 32
4369 5291
2906 3242
3633 1657
2545 3672
4578 3322
67 3066
775 2468
2066 4021
2783 5187
1192 2410
2545 4927
3278 5111
4589 5381
5838 278
3816 386
2461 813
2585 1624
4746 3040
5838 1651
1860 1478
5713 1161
4151 5586
5080 2216
3940 1390
1860 2449
331 3691
5774 2600
4151 1280
548 3999
3040 5245
2322 2812
4826 5572
1192 224
2363 4931
4527 5462
2216 3082
5504 1154
224 843
4589 2033
4841 2055
4445 5728
3463 1844
4831 1296
1293 3417
2029 5677
1296 3445
5080 3399
224 2561
4931 1321
1651 2061
5462 602
3242 1941
1154 710
1506 3952
5774 1858
3641 4606
4891 210
3525 3168
2033 987
5462 650
2906 861
2585 5681
4661 4727
1390 3437
4606 3852
5462 4183
5111 3565
3168 4459
5172 21
3703 5762
1858 1740
870 2487
3082 4199
2216 3380
861 543
3040 5695
1296 657
5572 1080
845 241
5695 4954
2046 2684
2906 498
241 988
4571 4220
3999 3494
5080 5296
2585 1017
3852 4159
922 4642
5004 3091
2461 2042
4606 725
3641 344
1858 3384
4008 787
5504 3468
21 1056
3691 3686
238 2735
1321 984
922 5441
238 1602
1080 1543
1161 4835
4841 5281
5364 37
870 3808
3525 484
813 4790
3391 1873
657 1918
2355 1572
1734 1075
1624 5579
4578 3217
5269 752
2033 2541
543 1223
21 1535
1506 2638
5187 2129
5245 4840
2433 2008
2600 2365
1075 249
541 3738
5177 4447
4727 1926
5187 4945
2561 734
4606 5367
1499 620
1586 3868
1390 2867
4847 3535
1192 5338
841 2210
1296 1916
278 1522
5367 869
2365 5040
37 4177
3168 5689
5177 216
2129 4465
3999 3365
3242 1552
37 1728
32 4341
1321 919
4981 2222
241 1668
1586 4814
3168 3466
1572 5489
1296 1337
775 4490
3168 3516
2355 948
4369 3479
2216 88
3641 4586
5441 1053
210 5491
5491 1003
2561 771
5291 5540
1017 5114
1602 4873
1740 2224
2066 2501
3494 3521
1883 3279
4904 1828
602 3926
5713 3328
5695 5541
3565 5678
4873 2314
1478 3658
4465 4492
2461 2165
561 4123
3658 1048
1317 1770
3939 4532
32 4328
4873 3634
1280 3838
3066 790
4492 2525
4177 1205
1135 5599
2363 1448
948 2792
4642 146
4220 286
2735 3245
1337 2183
1223 681
919 4205
2867 2405
5281 3199
5080 1271
543 1655
3516 1727
1499 4088
4571 1635
3040 2281
3738 2589
2281 3872
3199 2444
5381 3213
3703 3806
5291 773
787 3640
4177 5011
734 2113
3516 1283
210 2721
2165 3176
2183 2982
743 3295
1296 1725
1080 4574
210 1163
1552 2347
3686 340
2721 10
210 39
743 1372
224 1323
5762 3214
841 193
2589 143
790 1495
734 627
988 1564
4341 2486
5111 4820
5838 217
2314 2440
2210 1118
2281 4399
650 4694
1770 633
3985 2212
4532 3414
4527 1979
1283 4860
773 823
5689 3620
1048 3319
5491 4972
4606 2154
5615 2695
1657 2987
5572 1689
286 5398
725 4060
146 1868
1602 2218
4169 887
734 4324
1296 5552
1067 3159
3952 5802
1067 3291
1565 4357
543 5537
4459 4753
5586 2278
1689 2443
249 1187
2501 1772
344 1171
1118 1275
4589 1115
2061 3179
4642 1012
4578 5145
3391 139
238 562
356 3527
5187 1458
1543 4453
2585 4854
5541 1874
3525 2137
602 5602
5281 5106
984 2473
3328 3598
3437 5746
2405 1618
2473 893
1012 1060
1941 4064
37 1558
5616 3888
5269 2662
4931 2916
224 3843
919 4167
146 3825
4945 3659
3417 4126
3868 4266
5489 5636
4854 4802
4167 5617
2183 3224
5011 1607
5602 4362
4904 2559
5489 3208
5462 4822
1163 832
1372 4519
5746 4558
2559 1501
32 105
4199 2435
2916 4620
627 2006
2210 2432
2501 3670
1607 4886
4324 4175
3738 5322
1624 3995
4802 5330
3672 1510
139 1167
2812 2135
4727 135
3213 2037
813 4542
3399 4685
4826 2112
2218 1566
627 5610
5398 4577
4790 3517
2033 4482
4831 3953
2600 951
5678 2535
5504 2187
2113 3458
4482 2336
3463 3183
3838 3215
4159 4039
5364 5422
5364 4984
5245 3977
2029 997
5774 3057
4125 3555
561 2243
1080 1027
1067 339
2461 4736
4841 963
2046 763
2046 5256
5441 4946
4465 4994
4453 4058
217 1669
2545 353
4465 4214
4873 5865
561 5472
4527 5395
1734 4422
2545 1437
787 214
210 3018
1858 3716
21 4956
4841 501
216 2497
997 4500
4151 2086
3091 5346
948 1302
1564 5576
3977 2400
4500 1949
1321 1981
1624 1835
4891 366
2473 1788
4904 2345
4064 2261
2449 4120
2278 1145
480 1112
340 323
541 3402
627 1156
3365 1111
2042 2698
1111 4256
5865 3451
1607 5481
4886 5037
561 3484
4891 478
2525 2965
5746 5073
4500 874
4904 4928
478 1047
832 3165
4328 1662
763 2102
5610 2283
2684 1348
4736 4733
4994 901
3484 957
5576 4720
1601 218
3940 2195
3384 521
3659 4895
4928 4139
2541 4035
2589 320
901 4570
5462 1570
3872 594
4465 3841
4835 1237
2347 2706
4490 5373
5491 605
1348 3331
320 345
4459 1406
2187 839
3686 2998
5762 2924
2216 4264
3555 3821
2783 4714
3825 2382
984 606
1337 3271
5296 510
4927 673
5422 5752
1323 2639
218 5181
4733 1766
2137 3296
3888 4115
478 2406
4831 159
605 2291
3295 2644
2449 2019
3521 134
1669 3366
340 4225
4500 1962
1012 4412
4577 886
843 916
4661 1313
4931 592
339 5139
3565 558
2216 5239
963 3482
1844 722
4039 3576
3808 4834
1522 4885
4500 5051
1320 255
2400 441
5269 4448
1926 2374
4802 4299
3738 3059
3640 1188
1565 5400
548 4231
5713 1224
3527 3638
1167 191
5462 4906
2006 631
1601 564
1501 798
2867 3667
1635 233
286 314
1979 4825
4620 3894
143 5807
1662 1944
3451 3519
2695 1276
763 1416
562 5685
4519 122
1828 1152
3328 1486
1828 2022
4115 5045
5381 1894
1111 2167
2721 1817
919 5697
4720 1051
3183 1176
2102 4398
4720 2984
3516 5465
2042 5798
887 1369
3633 2626
3703 1922
1280 1906
2243 1251
3620 1277
4324 2565
5139 4507
3926 3050
5245 2091
4906 2306
4445 4813
1075 5580
1223 5248
2183 2577
832 3307
773 1043
657 2879
4571 1915
3366 2844
5373 3683
356 5556
4205 1040
4571 423
1406 665
1188 2054
1047 2788
4422 973
21 1242
1406 695
1406 5519
5040 3956
1565 2275
214 3338
2525 2191
2054 3175
3956 1219
5004 3149
4357 4903
1906 2921
3040 251
4946 2350
3843 5167
2291 5747
4841 5508
1510 5711
2461 3831
3598 2572
3458 4211
2783 4374
2545 849
2167 4609
1478 5480
3516 2779
2638 4404
5172 5056
2275 4637
4841 3989
5762 2442
1543 830
3995 977
21 1829
2113 1670
3576 5401
4577 1909
5689 925
1607 664
2525 3682
5636 3262
5322 2065
5172 4564
4834 1818
1416 3957
4826 4370
5747 5502
5636 5236
5615 2647
1770 556
3278 3308
1828 1373
3380 3709
4831 2808
3176 3017
2638 1553
5045 5694
1918 3429
1727 2791
4571 1473
5481 1826
1728 2570
1772 2277
4412 5460
673 4741
1689 3601
987 2390
5746 1534
1448 2096
861 3607
3242 489
1302 4300
3703 1964
1171 2540
1624 1702
2695 1200
1506 1460
339 4599
4060 5143
5465 2596
2639 894
5481 5317
4088 4955
3989 3298
2706 3878
4369 1611
4720 2151
2151 4843
1275 3070
3242 5686
4831 2505
823 65
3841 1539
5441 227
1607 2330
650 3195
2165 898
1702 160
366 2211
3940 4434
1553 2016
3217 4427
1564 5107
4519 1395
3843 5233
2382 3549
1611 5624
3939 1518
2151 5809
973 2848
314 5680
2086 1055
218 3830
478 5563
1916 2272
4299 3101
665 2133
441 2588
2916 225
3217 926
3278 2080
1601 557
139 3627
4577 1934
3242 730
3995 5297
1534 3508
3868 2945
3659 5671
4175 4775
1566 4145
633 5086
752 971
5686 5127
1909 1848
1280 546
5441 4768
543 4463
5678 651
1918 1588
841 221
2541 5018
2272 4449
2363 3722
1922 4017
4620 1610
3549 1774
5563 868
2096 1479
4886 3757
5143 4484
3399 4071
5519 3053
1188 4238
37 4949
218 3958
2405 1162
2565 4767
4299 1376
2965 2249
3445 3079
2410 998
4231 1563
5540 2933
5401 3074
2545 5795
3989 200
2345 1590
1416 2454
4463 4244
2779 5215
5602 1164
2501 992
5139 1436
143 1270
5552 4901
2906 3942
3527 394
4955 933
3672 2524
4746 4316
5073 2333
4834 1018
5697 4234
4814 3239
870 2343
725 2950
2016 1743
2061 2645
2191 3651
1369 5738
925 4180
2585 3970
4885 2395
1437 5612
2347 1527
4834 1490
1590 4811
973 2925
2183 1605
1293 1678
605 1122
2645 814
4445 1042
4060 1672
861 387
561 4544
478 2758
832 647
5330 2717
3217 2660
65 540
2080 4386
5612 4783
557 2908
1873 4932
4244 259
4931 3473
734 1798
5239 2146
1200 2145
3463 1195
2133 2829
4017 3784
5460 2608
1727 1509
4834 2246
602 4079
2054 2640
210 3568
4589 2605
1486 3006
4956 2671
1270 1904
556 2767
933 2373
4578 437
2998 2506
2433 2517
4736 4197
5422 2861
2066 1917
278 611
259 3937
4574 1206
901 1845
3213 2863
3627 204
992 1595
1845 3067
5422 4897
5086 4446
2965 760
4904 1070
971 3795
977 1455
722 3332
1040 350
4211 3637
5680 5200
2133 3785
4820 5651
2647 1781
366 3153
21 1087
3838 2601
1916 5274
4234 2769
423 276
5680 5101
3074 163
32 5017
1348 109
2145 2532
3977 482
3402 597
2187 4504
4814 1125
286 4236
4463 1711
5472 5249
4946 2437
3295 1175
5011 5082
5291 1028
3940 5096
5636 3978
5172 505
191 312
734 639
1406 5403
4822 1536
3050 4293
10 1878
1145 890
5330 4517
874 2974
4445 1695
1904 1004
2565 5500
4831 3762
1651 3317
3399 789
4955 3136
1817 4696
216 4524
5579 2817
286 7
5086 1887
4448 3103
1858 4796
2055 4566
2212 2612
1087 1562
4532 3900
998 1736
3215 2044
1187 5404
3703 5770
1566 1214
4324 993
730 385
1276 2206
5462 572
2033 5416
2812 5385
39 970
5572 3596
163 5262
3843 1787
3338 1547
5579 3746
2277 2774
1655 439
5615 1703
639 949
5651 5776
1518 1741
987 2422
1766 4624
3939 2690
5502 5799
5746 2531
3519 4805
3516 5206
5400 3860
2191 4063
845 3733
2033 5299
2760 1332
2275 1101
505 5079
2442 2108
5677 3081
3683 4087
1695 4383
3082 3904
4820 1081
760 1830
1162 4644
1369 4870
4873 1132
5398 1496
3821 800
3838 1960
339 3676
1678 2386
5678 1100
1206 4020
5685 3739
193 4969
1624 2496
3391 3889
4231 3227
105 5835
2278 523
4840 17
5574 683
5728 873
3215 3080
1270 5354
1017 4608
2333 3578
2091 3660
1711 2511
1111 3077
386 1735
890 1856
993 1957
597 583
5296 1433
1601 4610
3067 2913
2336 409
2135 3446
869 2855
2314 1816
2561 3988
5400 3649
2216 4140
3651 2637
1176 2919
4570 3264
2645 3299
3598 494
1460 3605
2086 1969
5202 4085
17 5523
3298 5282
4434 5438
2662 1799
4741 2915
665 877
890 3341
3101 2628
3889 5501
2333 130
1552 1319
5746 1665
1711 882
2545 5009
4733 4659
498 4789
1509 285
2187 1290
4661 1404
2400 5005
1152 4242
241 1771
139 220
1657 4751
4399 3078
1313 2456
3649 1139
2275 434
4897 5339
998 3453
2183 2739
813 3829
2222 3170
5037 4227
441 3297
2195 3600
1075 2581
2456 2803
2760 3911
2222 5739
2605 2003
4225 5703
1624 4764
987 1796
2365 3107
131 1105
5610 1331
657 3559
1543 603
1788 5007
800 5503
386 3349
2796 921
5239 3049
1844 1336
286 1857
2216 389
2029 1366
1826 3503
4558 4105
1766 2020
5519 4635
1799 3316
2146 4970
3316 4141
2343 2051
1734 5450
3153 4237
752 2335
1781 2793
2330 1031
832 47
4039 11
564 3579
4970 831
4620 3109
3176 2938
1858 2296
971 938
5096 3218
752 198
3746 5759
1816 4468
193 1589
5838 3056
1056 2052
2456 840
4459 2136
4841 1833
681 4315
3271 5094
2998 3903
210 4879
3446 3714
1051 2415
386 1257
2382 120
3888 5347
3307 875
4606 4110
2487 5375
5460 1793
195 5068
840 4974
4642 2732
489 311
3494 3032
5438 5758
5111 2233
2965 2907
4316 5424
1570 342
681 1704
2435 1674
561 4871
1564 1398
894 3536
1320 3992
3242 4633
4586 794
4085 5688
3468 2731
3391 334
916 4977
4197 2648
4736 1403
409 293
4764 4683
5239 468
1473 1482
987 5276
4225 332
4064 715
2792 1950
1916 2139
332 2681
1373 5117
3366 5010
3107 4588
204 2527
4383 5482
3992 2141
4362 1086
1916 1413
1655 4730
2046 5071
1601 5428
5354 5041
1139 3058
1909 5582
2210 1090
2037 5707
468 3277
105 219
2145 1150
620 4556
3838 4877
501 5002
5111 461
3757 1877
1674 3100
4714 4302
1242 2067
5438 4000
3682 2953
1455 76
1848 3348
3308 2389
873 4375
3559 4510
3017 4272
4610 3095
2681 3708
216 2295
2541 5433
2022 4656
4927 1160
198 3876
1826 3643
4123 812
3066 1201
1670 4944
1055 1307
2386 4937
4264 4170
468 1994
1817 2361
4302 2193
3900 3706
3307 1995
5239 1498
4088 2633
998 4263
2210 4965
2054 3727
2788 5643
5738 270
2019 554
2444 1025
2019 2672
3525 2083
2133 2448
1075 1034
389 5741
3627 1843
1458 5578
320 2090
2345 5141
2803 1849
5051 5638
830 4086
4362 1402
1917 3731
498 3285
163 325
1276 2351
4519 4014
5747 1531
5519 266
4694 1557
916 5021
342 79
2433 5639
387 3913
1004 1096
1543 5534
840 58
4768 5621
3900 2194
4449 4598
5504 4898
948 5085
1051 3931
4775 28
2275 828
1501 304
3006 5224
2222 2480
2277 343
1743 190
4834 3987
2113 2205
1883 1992
4886 3363
2345 247
5040 1358
5582 2954
10 2745
394 4006
4608 2164
5330 5766
3091 853
5472 5608
5009 1397
4263 3104
5481 4663
4060 3671
5746 772
2086 1810
4014 1959
122 2762
4482 2038
2113 4099
5501 1603
3620 601
4266 4973
1727 1634
845 5782
5689 770
3107 438
2216 2302
2793 5841
2468 1905
2355 3037
5127 2452
3032 596
2473 3914
1595 254
3940 628
5865 5335
3988 5334
2739 4221
5540 2179
849 816
5636 1174
39 3272
3271 3492
4316 1191
3868 3408
3463 5355
4422 1854
343 590
2454 2997
1336 1263
1047 4910
2791 576
1320 4342
2452 4839
4949 2271
760 5217
894 4668
4831 4851
4570 4561
5167 1638
3660 5419
4115 2976
2998 2963
505 3418
1909 3833
3338 4118
345 2074
5296 2460
5500 3544
813 2782
1657 635
3659 5388
3829 4855
2275 1243
3517 5516
2762 3875
4227 4702
1564 666
1531 1408
2861 5350
1873 2445
1607 2650
2527 2610
2179 4868
4825 172
2650 864
5563 3152
2145 900
5009 1133
2222 5860
2249 287
1506 3680
2561 3796
1721 2024
3468 315
4727 167
5579 318
4586 1099
2637 4164
1586 1730
787 4431
3067 308
2647 2370
217 330
394 2425
5281 126
868 4781
2091 3862
2601 4502
1051 5344
2090 4472
2461 3206
938 2499
1115 1186
3999 5050
4427 4726
4139 5222
5695 1113
4316 2122
1224 704
1535 2252
214 5158
4302 466
4434 253
1601 1540
2662 1484
1186 3755
4642 1852
394 5357
3328 4750
2433 2519
1070 795
4977 3192
2003 459
4542 5557
3634 824
900 3631
4167 4808
3059 1642
320 1537
218 1801
3795 3042
772 5305
4781 1541
2982 2652
4589 500
5523 5674
1845 2598
5450 1447
3271 4279
350 1170
2080 3237
4115 376
4468 3087
683 1439
1917 5284
840 410
3040 322
2803 1016
88 917
10 2307
3291 4252
4342 299
2211 1508
1727 4368
17 2349
3796 2918
2953 2754
1826 3181
3168 3545
1595 3072
1586 5057
3109 1182
2480 127
1473 4025
227 1803
227 5765
251 2983
3940 4725
4751 2742
2844 935
5017 1795
3101 1530
1455 3186
4564 1551
3739 1512
1537 5280
249 2842
4060 5704
510 3681
5610 2318
4519 5817
1028 451
933 2498
1690 3837
3037 5430
3958 4193
3017 4313
725 913
4020 5286
5799 94
1818 1453
2336 5669
5765 4960
548 1061
4341 966
2037 4721
4544 4284
4906 885
2938 3587
4624 2824
3091 4530
4642 5609
1508 5186
2133 3564
4492 4134
3245 2823
4139 1811
5002 1502
1195 4307
2191 4555
886 1641
4854 851
3631 5446
4606 2807
2386 246
4564 544
3985 943
5094 1859
4746 522
1263 4047
220 3569
79 1137
2283 4732
3319 5035
3291 2421
2572 883
218 2905
4445 358
4383 4066
4796 2989
2373 2715
5398 4872
4468 1084
17 1746
1479 3954
4126 4688
1453 1622
4877 4935
1534 1902
4561 5415
1096 1899
5462 5867
2945 4722
4598 2
5111 4506
5704 2805
1922 5696
2499 1230
885 2366
2671 3802
1133 907
3057 3068
3272 2873
1527 2401
4960 3588
3239 1066
5615 5193
4404 2710
882 4665
2517 2627
853 1637
3136 4241
2735 2134
5865 5102
3868 3253
4370 1708
4927 2841
4427 3839
5367 4270
3101 4501
5127 328
2501 3248
883 1620
2974 4553
3192 3562
2639 4976
4234 3534
2151 4625
1727 1769
2628 3462
4256 2384
1230 1677
3384 5605
1859 4393
1979 1355
2193 272
266 2890
1348 2659
3149 2597
1669 2538
1112 1227
4644 1982
1848 4380
3316 129
3195 4480
3829 3548
650 2676
3821 1157
3319 2197
5346 857
605 1246
5245 4391
4342 4487
1307 3809
2581 2843
2022 4161
631 4028
2445 5849
5738 1046
109 5796
217 5348
32 5729
4609 3984
2314 4384
4307 2071
1670 2737
5172 4703
3175 4188
1909 1626
1099 2679
4835 3489
1133 5285
4588 3864
1917 5757
105 290
4299 1310
1075 211
1042 4862
5002 4224
3999 3531
5035 5434
1829 3498
1852 1673
2496 4277
5256 5144
4307 3877
2732 3935
272 4754
2046 4677
1086 2014
4781 1516
2415 4525
1473 1444
5217 5391
5739 3803
1736 2429
350 5337
266 3583
1926 4782
4544 16
1811 4048
204 4792
1728 2696
4750 3723
3208 4660
4813 1306
2291 5618
4835 2101
2824 976
255 165
2024 4457
2151 2012
1416 4133
4524 4276
795 1966
2561 1428
1602 3742
4167 23
1224 3306
3667 2420
2721 3397
1433 128
3332 1867
1796 4658
3545 5550
695 5252
2974 3381
2600 4881
2824 1568
2640 5538
5107 5314
3579 689
3833 3712
2460 2992
4412 416
1557 4016
2139 208
2676 2685
387 4198
4525 3301
1588 5761
789 4652
1857 3014
2597 2110
2296 699
5638 5658
5501 1228
1133 3556
4802 1713
220 2579
4783 5170
4017 3943
3297 2526
2422 552
3175 1850
1321 2049
3503 3720
3489 419
5695 3351
468 513
681 89
605 375
254 5831
4668 2364
5707 2904
5348 3162
1735 4423
5831 5737
2848 3563
3237 2379
2421 199
2695 4249
5697 4636
4028 3097
1490 3509
4683 2846
2191 499
2333 4766
439 1423
1874 690
1332 2045
1690 4914
1018 1418
5481 768
290 2926
270 1340
4814 3304
2351 2026
163 50
3170 2258
4276 3867
2924 3702
2271 3259
1734 3880
3903 4094
1025 2956
1689 4941
4180 3369
4571 3321
5678 5185
1086 739
543 4029
4946 4320
2454 4662
4677 786
5707 4155
4886 380
2033 3810
2206 3382
3970 5828
353 5566
2597 1324
2333 1247
2559 3491
1735 2002
3563 5227
3709 3342
1854 1505
4624 3275
3878 4389
4197 2757
1711 1489
798 3280
5541 3111
5782 5360
5621 5442
1905 91
5057 4290
3876 2158
2020 3051
5766 2170
883 5690
4264 2988
2823 5488
2867 3256
466 3594
5354 3496
4665 584
816 2138
1243 2202
2302 2528
775 3674
4500 1841
3867 1032
4589 975
2660 1212
387 3231
5433 2217
1944 1063
3709 5386
1186 5075
2984 674
3170 2477
3291 4539
1031 3567
5419 3292
3366 4406
873 497
1176 447
1979 4621
592 2845
4813 1143
1276 5425
5364 4887
2758 488
845 2884
657 2161
2926 3983
315 3704
4753 3119
5618 3347
5697 918
3830 1440
1844 164
2596 2602
3731 4336
2165 4518
468 2584
3104 359
5193 4074
5841 44
824 2839
3601 3928
1460 2098
2361 9
5582 1381
4586 4069
1982 4795
2511 3409
4105 138
3830 1643
2473 4823
1534 2547
3245 5642
342 3117
3332 4859
2389 4295
4768 5371
3731 3209
5282 4076
5636 4678
1251 5829
2652 573
873 615
4125 4310
3484 1268
1398 837
4362 3982
3328 3061
5552 3632
286 2866
3722 4219
5586 4392
770 5324
1605 2609
2170 4921
1319 4248
3714 2241
1263 672
3659 1681
1915 2623
3720 4938
3278 1236
5615 1693
2477 5136
216 2394
1867 5632
4008 4469
3101 4192
3977 3169
4588 4292
513 388
2351 1965
1966 3120
690 1986
1404 85
2370 5026
1641 4980
3659 4867
4895 5800
2045 5365
5586 3538
5450 809
5610 5383
2296 5140
4016 5718
4099 4495
1395 3493
1263 648
3242 279
219 1286
4555 4942
3803 2518
5177 5092
2731 1821
3527 1196
674 5237
5541 1776
5045 4919
5643 1254
1228 1347
1271 4470
620 2392
2745 1233
4375 5715
5002 19
3408 2201
5373 4680
5534 1612
5685 4019
4463 2931
3208 3909
3192 4147
4680 5461
5829 177
590 1492
3704 2966
997 3436
5465 3128
1516 3178
2645 1082
4145 2751
1176 1550
2167 5053
5828 226
85 636
594 321
2421 958
5610 2266
5056 3115
4811 981
1674 4440
3864 309
1543 2095
1626 185
4105 2858
1505 4711
4662 87
1323 5150
5460 3392
4368 733
5538 1215
4145 347
4847 2230
4500 5099
4134 3635
5534 2043
2355 3428
1145 5271
4406 3688
5080 3804
4320 4700
4139 5633
5694 454
2596 1123
1271 1971
4227 2530
247 4037
2422 38
4825 2670
76 2972
3307 5458
3534 5123
1286 2288
1960 4845
437 3546
868 4051
410 4491
1801 3941
1495 97
126 2720
1830 1890
2406 4067
3181 3790
2945 31
4862 608
5106 3787
3245 132
5086 3586
2384 4103
2660 3518
2754 1525
38 3401
3549 1615
2468 2801
3120 5387
4843 149
2429 4187
160 5436
1348 4787
1944 3219
255 3092
916 1229
2090 5573
1320 244
5248 2143
4787 2657
2477 2764
4652 1633
2931 5176
3209 3840
1873 4426
220 5635
1254 5520
3256 5497
1243 3393
4694 4132
1772 207
3296 751
4766 5115
1176 2750
992 2244
2913 3626
2295 5283
5747 783
1674 4596
423 2857
3928 566
227 3558
3954 152
1620 2521
4530 5195
3401 1985
4445 2996
3634 732
5605 4499
1655 2254
2193 509
2652 1464
5686 4623
1986 5554
2496 2184
5322 43
132 679
1293 1991
3136 3073
3369 2851
2422 66
2610 3289
3633 1897
4238 940
1826 5270
5355 3504
3984 2923
246 3000
631 5484
1634 1625
2779 337
4236 5263
1854 1889
5462 1647
4517 2567
131 2961
1633 4780
4665 3505
3878 2114
2739 5662
5285 4985
2350 3553
4151 3965
1769 3551
5503 5218
2090 5006
3659 1262
3620 1155
3586 2874
2394 1666
314 3751
5099 1814
2452 257
3633 363
3245 4996
4721 3210
4637 1030
4937 2404
3810 5528
439 5166
159 5665
584 4619
3637 3510
5586 5251
2601 158
5185 5506
3742 474
1971 77
2055 3030
5436 2013
1826 2457
5106 1353
2858 3123
3588 1126
3030 3855
2600 5453
3928 4869
3558 4107
2567 4712
4678 1621
5373 2471
2783 4675
4750 589
3482 1341
3446 1427
5388 1870
1286 3076
5285 3730
3128 1343
3227 1500
299 908
601 5033
2717 1819
5686 5219
3317 889
1321 2691
5348 5716
1439 2320
4730 4989
3535 1755
3519 4724
3984 1914
1043 3033
5563 4228
4928 4816
1251 197
279 3372
1433 560
1964 3267
5391 5160
3518 5022
4000 1470
2201 593
198 2618
3101 945
1175 5266
5416 3577
5809 950
1849 4689
509 1363
5099 4565
1163 3422
3468 3846
4661 1325
4720 721
5615 2398
2373 1394
596 1652
1971 150
2437 440
1845 4876
2505 4959
650 3960
4035 547
869 5710
5106 5858
5422 4717
5770 4059
4020 5091
214 3844
89 374
4465 420
2585 3964
2480 1109
4564 432
4064 687
2296 2862
2659 4206
2739 2903
5322 2236
2499 692
3199 5604
149 793
2774 2558
340 4005
2783 3979
851 5191
5388 1767
4482 2263
434 2348
353 4269
5860 2025
3641 5455
1693 3994
5330 4251
5222 3247
1325 1614
2065 536
1746 4091
3109 2859
1657 686
4970 2777
5158 1884
359 2914
3219 4044
2330 2292
3691 1117
1535 5392
2577 5476
2961 26
3107 4343
5615 5821
1408 4923
77 5315
2071 2738
1634 1996
2415 4253
2498 1367
3691 5495
1125 2032
2012 2004
5821 187
5696 5389
2146 1232
3640 2078
1403 5763
2760 5376
58 239
2471 2882
4110 4327
1066 5302
4125 338
1406 1001
704 923
5643 4707
4076 3324
730 1891
1111 2431
544 2752
5111 1071
5160 4902
5458 2285
5442 3520
3596 872
2862 1108
4781 1815
7 3027
2972 1480
211 3311
1336 3138
1270 3968
1170 4777
4868 5721
4252 630
3120 1146
5018 5543
1815 2337
3762 1159
1612 4611
2343 1259
5759 2125
5206 4503
603 5058
4633 3581
2848 485
4754 4706
3716 230
1464 3740
1324 3350
4272 3075
2440 4421
3095 924
5355 1581
380 1644
4717 1660
2779 4547
437 1142
541 1339
3056 408
3957 4359
3733 4657
2347 2072
3545 2234
3956 5840
5237 5834
2054 2749
2392 2661
5080 119
5671 174
1336 632
1736 4622
2101 1329
2974 709
3627 4580
5799 720
615 4579
3577 256
2258 3608
2817 2491
191 3047
3006 14
38 3836
5460 4075
1959 34
4431 4040
2801 5447
3503 2668
5689 5300
1702 1617
4652 4365
4392 2941
2443 2631
1176 4083
4125 4817
4088 5646
4134 1511
2389 3927
5550 3574
592 3770
5045 5308
3637 3142
5523 1698
4751 5816
1306 5374
1490 1866
5537 3439
843 4731
2440 4837
451 5517
3348 1756
4887 4152
2644 4951
5416 3993
4039 3230
5102 4156
4453 2464
3837 5329
3738 2297
2480 2766
1670 1594
5563 5112
4578 2733
2272 213
4170 2833
2738 1315
907 3212
4717 737
3796 248
4783 3478
3279 3552
500 2896
2545 2409
2394 2654
5616 4939
3446 4551
88 5454
4040 80
1622 838
4220 2514
4970 1000
39 1425
3074 5067
4310 3157
2918 36
5218 4515
4198 4550
2908 1653
5143 904
3165 1561
1329 1249
5816 5205
1531 4626
2600 2204
1315 1238
5761 42
139 4752
218 5133
44 5562
5291 5456
247 1987
3227 112
4914 3250
2137 1151
2019 3352
5374 822
3953 3235
3551 2811
2779 5435
790 866
4192 2726
5624 124
3458 749
2518 4936
2540 2229
689 4191
4862 4213
3215 4494
5586 240
2141 194
3641 2971
4017 3593
2086 3827
4951 3373
5501 549
2731 3009
2807 5701
5040 678
1772 1127
138 3750
1283 4381
1894 476
3790 982
4816 4438
1324 512
3809 878
632 5627
1427 3793
845 4203
3520 3126
1247 4185
2792 3431
2272 4340
2302 1778
951 1299
3168 435
1736 5684
4279 4024
4071 5264
4703 928
5324 2939
2581 2472
3790 1420
3304 449
2187 3035
1677 5078
1890 3460
4120 1121
254 2566
5678 4477
5222 2936
14 4027
4792 1062
5057 4889
2349 2968
868 1928
783 5074
2660 2155
138 2319
4802 3850
2086 2620
5680 1253
5562 3524
997 5402
2541 1521
5638 2126
3499 182
1053 1942
2739 4049
3092 4971
4656 5806
4891 1009
4938 5544
1243 2017
5582 2120
4370 1780
3292 5648
4767 2255
2348 108
4269 4681
3816 1751
2091 2830
3297 3561
3970 5666
1776 1255
1894 2185
1944 567
47 1715
3757 955
824 3151
1174 3610
224 2529
4775 847
3126 3646
3702 3849
2906 5864
4048 4462
4058 1050
1637 1414
4783 4382
227 2583
3104 1596
4141 4208
3943 5032
1620 3124
5266 726
4817 4314
5033 2555
3214 1569
739 2127
5538 2362
1277 791
4453 5628
2125 181
4426 3334
2022 2573
5058 3930
1979 2226
560 2475
3562 3421
1299 759
5671 4259
3632 2981
2685 1836
866 1768
5348 1345
5506 580
239 4695
1042 3591
4721 5466
2355 848
5143 545
2004 188
1647 5518
1042 1419
5834 2571
5639 4920
5224 5313
4147 2934
5115 1260
2435 5210
1569 326
5502 357
913 3387
3493 4158
3199 3060
2026 5742
5206 3419
5085 5055
3417 3923
1028 1467
4971 5293
3331 4916
2122 4450
5671 716
1704 5594
3296 4488
5373 3002
2974 5294
3262 3998
4231 1584
2863 4376
4626 4287
3047 1888
4984 27
2361 5192
2167 5679
4167 3919
4487 1220
340 1180
5187 5412
704 92
5617 3656
1112 4171
4886 5209
4469 1217
3579 236
1237 4643
3995 691
3564 5023
4872 5596
1277 5238
2618 1379
5367 2169
3393 269
5860 574
5011 1107
1060 1913
4625 1608
2774 1824
2859 2500
2422 1272
1858 1300
3295 3240
5376 1148
3931 1131
5678 5529
3049 3701
590 1264
1460 5323
5557 2614
4342 222
4971 4691
461 5407
3770 3114
5435 2093
143 3383
2732 3550
3833 2001
1306 4441
50 2287
5446 5587
454 4704
2579 1461
4972 937
1894 653
2169 4772
5537 5312
2614 3693
1428 171
921 4770
3569 1978
1505 1560
4241 3106
218 3696
1355 2523
4253 1943
4901 1963
3686 700
2038 5598
3504 2909
3651 1631
3047 2446
1192 1052
2499 5306
5170 1650
544 954
5605 5687
2783 4651
3855 609
2638 25
5455 5259
4206 2885
119 2771
5738 456
32 4890
3795 41
1125 4568
105 575
857 962
1814 3776
10 1973
1423 1869
5580 3869
3253 5545
5402 4050
2351 3917
851 2546
1062 3258
3458 3346
1473 3986
3935 5656
1280 4196
1856 5310
1099 12
4589 3736
987 5242
3291 1723
191 1792
4293 4809
2721 2960
3852 2220
1776 4281
5428 5223
1845 2901
1118 4697
5143 5756
5387 1072
1420 1676
1669 2198
2823 3575
759 2692
5075 5257
4044 2946
733 5440
441 2106
4392 5244
3418 4100
790 2504
1518 767
3329 4597
5497 2177
1340 1456
3348 3470
3429 5095
1249 250
2777 2403
1962 1925
41 1285
2363 712
350 2077
2045 4563
2072 3174
839 3083
2737 3813
2628 3164
1821 4092
1657 3925
4822 1578
4580 1318
5605 735
3331 4042
4697 3132
5167 3065
5082 1430
1883 5184
152 723
1122 3801
449 4926
2249 8
3079 4168
1139 5499
851 4953
4151 3359
3431 2980
5172 1153
970 1580
1634 777
1578 1831
3292 3457
547 1168
1420 4739
913 3039
4843 114
1115 3145
2024 3085
4717 5275
5283 5750
5721 2147
3210 5343
3264 5717
633 5421
3387 5527
2976 3454
509 1371
221 884
773 3026
4491 5783
593 3193
5219 5372
4221 1738
580 1628
594 5866
3393 4708
5580 2381
743 5254
1439 1241
1162 577
732 744
3671 2150
4480 424
1227 3425
432 1338
3659 5046
2585 2917
4813 1244
4343 1459
3829 1822
5608 688
5480 3096
5574 90
3169 5505
4946 4541
5389 1079
3709 5469
2054 4690
657 3252
4823 5258
5728 5804
3298 1910
2 4098
2452 2755
4369 3946
3869 2507
4342 5854
541 2898
1869 3532
1237 2990
5799 5603
884 144
868 2986
1725 1720
2258 960
2571 1885
789 4030
2169 3741
14 3899
3746 63
1635 3388
5115 4396
3473 4614
1230 5063
5280 519
4790 2949
5752 4803
197 897
286 3929
4039 5194
5401 5625
2698 2704
1237 1864
4834 4952
2379 742
2373 368
1154 4905
3587 1939
1578 3798
2138 4940
3217 2621
1939 2509
1969 232
1146 4498
5181 3426
4058 3223
666 473
2019 3141
5033 1097
5392 1165
4596 4385
187 5464
4825 4425
512 5772
893 4348
2986 4397
5615 2423
1982 1451
5141 5843
2946 1967
2319 3135
1841 5036
681 2680
92 3615
2961 2759
3977 3172
3508 4460
2037 1189
473 1940
2161 5522
1340 2168
5365 3137
5556 1477
1801 4682
4859 2959
712 4593
58 4054
3649 1739
651 4748
2959 3089
3520 3597
1052 5309
4277 4583
1628 2649
3827 2712
1264 2087
732 2140
2168 4653
1416 1680
2989 5845
2793 4439
1540 3093
4544 5498
5648 215
3846 4338
1180 4667
2168 2196
2096 2534
1870 2494
2292 1797
1499 4261
4680 3407
3297 305
4469 3570
2080 5169
4049 1441
5428 5342
5867 5369
3709 3031
1048 5326
3869 5368
1113 1252
561 3842
2954 46
1496 1722
2505 1938
3168 2064
2500 4297
575 5328
1162 5019
1355 4136
1302 5558
2297 5320
2555 3882
1531 417
417 2018
2364 3497
3852 5220
1677 626
5428 2927
5770 3449
3741 5803
5605 3004
3993 1765
236 1024
3401 3
1943 3847
4837 5839
4662 2590
2306 2173
3722 1760
960 2643
2161 4022
3556 1872
4809 4255
2072 820
3498 671
4724 3636
2001 1472
3157 3069
2365 5118
828 496
5293 741
2201 706
5275 5786
1767 1120
285 1326
4920 2582
791 5410
4635 4613
3223 4178
386 4303
1373 2688
4185 2552
2108 2121
417 5336
5400 2586
1160 5851
2882 4639
5854 1088
2546 4056
3627 5837
4847 1033
554 448
4244 4535
1233 2089
1313 5653
5713 833
5007 3490
1500 810
883 2593
2018 1661
5594 1494
3999 3442
3723 5146
687 5098
4238 142
3426 3025
4814 1691
5192 2674
3387 1417
1540 5125
3555 2730
3381 1457
3587 1199
2717 4363
1187 140
541 4856
4447 5211
2191 2877
4076 899
5774 2947
2674 4407
4845 4655
2739 5137
5398 421
1394 1274
5528 4296
1024 4444
2291 4964
5587 3465
5803 667
1331 3150
3152 98
5055 3800
375 364
5310 4673
561 1977
5407 1424
5051 3502
3989 2832
5689 5444
4000 166
4867 3330
4439 3805
5202 855
5816 1435
5519 1202
3682 1656
1690 3028
1553 5641
3279 121
3151 1303
3712 1010
816 415
5669 273
2204 2027
28 3677
5528 1549
5073 4742
4661 5221
1270 4587
4105 4737
2896 4601
4768 3630
3214 1172
2448 3232
4248 1789
1201 4913
47 5870
2737 934
5695 1851
5018 4352
5091 5533
199 5228
3517 2324
3510 2799
2139 502
5057 2703
2349 4900
4185 4496
1492 4108
2061 4594
4171 2414
5635 4034
4936 2849
3218 2897
340 4165
5671 4467
1725 4442
3904 2470
3082 4762
3503 5153
1148 3263
3169 4305
4027 1853
1720 5634
1099 3320
1580 5183
1674 4417
210 4615
3708 2424
315 1532
3739 2943
5181 3604
1565 4728
58 3364
3457 3609
4937 1431
278 5034
3439 4437
831 530
2067 3281
4972 3045
5684 1515
5609 2666
566 3220
5285 2227
4103 4654
4789 3438
5421 5414
2974 5597
344 2743
3808 1955
2129 871
1925 75
3210 117
108 4023
2006 3433
438 4512
971 511
5690 2718
3183 537
2006 1998
5783 5149
4164 3908
1090 1045
4910 1993
3992 4836
549 1069
89 1273
3935 3511
1212 2510
5266 5273
602 4664
798 4173
687 2564
4643 3754
4563 3566
2169 2399
1081 1114
4662 682
5193 3530
161 4786
2926 646
3256 4745
4898 3416
2193 1667
1381 2011
4058 487
3587 5119
5674 452
1417 3036
2593 1514
5140 811
3852 3188
4823 4863
3531 1049
2885 4794
3770 5076
3119 5152
2567 1645
3239 5196
2196 5405
3993 1386
366 1014
3416 1882
2202 3584
2216 4908
2524 5709
4691 3293
4048 391
1238 72
5211 395
5718 2705
5795 4210
4524 4567
4680 915
3804 1559
2306 1134
3956 3669
5729 2482
2405 2883
1615 2109
2206 1443
1444 1289
1769 599
122 582
3069 445
435 5778
3931 1399
2095 3685
1644 2478
1889 5382
1200 3912
2220 4304
1967 4572
1669 785
3267 1545
3518 156
5634 3187
3993 2955
2915 1538
4019 1091
5854 2128
114 2563
1395 56
1033 3005
1243 5571
2049 4
1133 888
2799 4546
1307 5787
5053 1846
2333 856
3575 5307
290 731
1885 3443
1739 4850
4871 5631
4035 5708
5480 930
5355 3336
391 4346
4299 5714
2011 5331
4667 2007
1313 3379
951 362
5098 5640
1408 280
2349 4127
1522 1335
3050 1297
5283 803
3712 2724
1406 399
4348 2163
4412 4443
4044 2383
127 5801
3641 5161
2096 2741
343 4451
4256 5507
2278 3717
3659 1471
4654 5760
1187 3480
1844 3062
331 698
4263 4121
1828 60
3517 5132
2705 587
2077 2827
3736 4265
899 4983
3073 4838
2767 4784
4451 3971
3379 2430
4881 5399
3047 5539
2519 4915
576 1920
345 4012
3511 3797
2017 3370
5446 2298
5461 2259
2908 265
5293 3832
1884 397
678 2325
3062 3818
5442 4857
2288 5349
421 2513
3082 4207
847 4010
2173 1592
3849 718
3304 1463
415 1958
2938 422
2779 3612
2382 3732
3256 1342
5056 5016
5713 1619
664 2342
4558 4798
3381 5420
4225 4414
823 433
3790 110
3075 3001
4076 1466
4728 71
814 4106
1165 2991
1734 4245
5786 3621
4556 5015
4860 3216
1167 936
2229 5478
4902 4979
557 5468
935 4827
3426 261
812 3512
2731 2260
330 4947
1297 2084
1499 444
790 2070
2126 4740
3051 5088
4049 2402
5191 103
5843 4573
5461 2418
1824 3194
278 1504
1612 3254
4327 654
5636 697
1872 1808
3176 825
2605 2240
4362 1011
2374 2332
2733 1258
1341 525
432 3884
4642 4957
4620 333
4685 5231
3033 2021
3076 4268
2989 3854
699 600
4161 1597
5149 4907
4708 5116
2782 3441
5160 2656
2827 1261
5194 5779
5586 3799
2846 1008
3757 656
2631 5811
120 2412
4431 3766
3575 2245
1942 2219
1552 2159
3928 3467
1667 1855
4802 3029
5624 3312
1884 4288
1667 4538
43 3807
4381 1679
3262 3817
1353 4807
5407 1800
5101 755
5152 341
3085 2153
3502 3147
4295 3315
5586 1526
1622 1400
4724 1265
3672 808
1224 2451
2243 3859
4503 1095
1998 1493
2113 776
2855 1389
4688 1524
1008 2920
2971 4116
3037 5490
5337 2736
270 4285
3531 3692
4952 3158
3259 4466
1109 5577
321 5081
216 836
2796 5730
1127 3276
5821 2175
4300 4232
5458 5861
4103 2300
3846 4402
5573 1782
241 3221
2175 4961
2089 5493
1345 1733
1564 5735
737 307
2688 617
2674 4356
259 5463
2444 361
2320 1334
813 3560
2717 774
1264 1654
5118 4948
3855 3483
4288 3906
2966 2056
2139 1759
3635 5659
5528 967
5407 4150
4014 2331
3366 779
3672 3204
5339 4744
332 2377
1854 4505
3259 5720
2668 579
4974 1102
5308 3783
484 3464
2939 4778
395 282
2342 460
3272 1972
831 906
5718 1648
1943 3775
4726 1074
4805 5168
5528 4114
5468 4360
582 4452
1122 1374
66 4474
1277 3698
161 5595
1792 1036
3380 2265
5627 4575
4256 2248
5651 3781
207 5182
923 3924
5776 4799
646 3678
156 2763
918 645
1232 1931
755 4371
1506 2076
2281 3959
4287 1245
374 4461
2774 148
72 1732
5196 747
950 1361
4654 3144
197 5049
3369 1724
1560 2544
3042 5253
4259 5108
4994 2239
4825 1181
5481 2329
5677 4880
5139 5740
1618 4846
3784 542
3923 3146
3092 3592
3805 3266
1578 974
5263 4943
5009 1064
2703 4148
5181 5105
4601 1912
5782 5486
2842 5475
1075 1684
544 3743
5172 4627
1025 2200
1960 3747
4290 3710
5495 3969
5478 2606
5015 2490
3397 607
1174 1485
4227 4486
165 5235
1909 2048
2245 4432
2960 2787
3142 378
770 821
2046 5771
1348 5001
2145 4031
1957 412
4375 931
4488 5163
810 5559
3074 4743
5741 1333
874 354
342 2655
2333 629
5774 2115
1536 3748
2163 3617
25 5748
2266 3824
376 4552
1973 3624
4287 912
2858 799
1329 1178
2782 765
4164 2587
2297 670
2449 1832
449 1177
2077 4318
882 2441
689 3148
5495 2591
4472 1600
1263 4331
4059 3246
4121 3273
2013 1636
3316 24
2817 1185
448 2060
934 819
872 4634
1557 1930
10 2781
3505 3335
3419 1544
4016 3879
1300 4815
1676 3177
4044 4032
930 634
4446 486
3188 3955
1122 4001
2102 4275
5666 1705
2196 5585
5738 2522
2083 2617
4876 2371
1772 5731
3458 4129
77 5449
2337 296
5456 5512
4739 349
385 4379
4955 4540
42 5287
42 4387
4678 1083
2170 2977
5224 3628
734 5154
4696 1794
2733 4638
647 2092
3324 862
821 4095
2472 418
5636 4963
5441 5171
2783 4036
2013 2798
3401 2515
2807 1927
5403 4693
2960 3949
5294 3792
2135 3997
627 2152
718 3251
2710 2820
1233 4719
5236 514
1508 2860
695 3887
1361 533
2126 4701
2590 5126
2529 4077
789 446
1644 559
5625 3344
3733 5702
4948 1970
272 4458
1167 1747
282 3542
124 2881
5635 3201
5063 818
2187 5093
908 2186
3627 1579
3615 2935
5262 137
4391 4930
5446 5390
2623 5547
4663 57
521 3543
357 2562
4622 73
572 2280
639 237
3869 4153
114 1908
3688 5352
3206 3823
1564 622
1244 5682
3544 4801
5685 2615
2963 3015
409 1664
5169 2880
5006 4403
901 1483
2261 2047
785 1573
5256 3088
4847 1322
3798 5856
5714 2687
3958 3533
1232 4325
2129 5626
5782 879
2168 2111
3747 3116
296 3815
3066 3404
594 116
1679 746
5415 5524
4954 1474
1531 5663
4953 4377
5636 5318
5355 941
3688 756
1214 3820
4303 5409
1564 263
2523 551
3217 3377
4381 4687
4205 3835
1345 4821
2092 33
3493 3353
1069 1937
5839 4081
2829 5732
3174 2675
2444 4529
2167 2709
5811 2794
2706 426
3285 4419
1470 2603
3702 4038
5364 3447
2947 3778
4690 3523
5400 2826
3177 1092
182 3476
2032 3944
4643 4692
3593 2818
4032 2209
4020 2847
3401 4536
1164 3690
3949 5418
3925 1221
2525 1193
1486 3154
5163 5764
5386 3771
1509 5863
4192 4818
2414 5832
1273 1791
3381 2411
4032 980
1160 3507
110 2062
2355 1346
4425 5830
1436 4581
2254 1520
3095 5620
2544 727
3643 4962
4423 155
1270 2797
3220 2806
1167 4217
722 3413
2347 5070
4303 13
4379 5378
4873 2580
4594 1980
3315 805
1386 4641
5585 1385
823 762
3296 3196
215 4738
1597 2840
1873 3501
5194 298
4391 5553
1572 3155
715 4351
1406 3616
4236 2467
1760 2542
2244 5122
1637 538
3279 203
5638 2458
1572 5792
5747 5277
299 680
1545 2068
2617 4157
1980 5325
11 5511
3800 903
1590 3506
3458 324
2991 4334
5796 5485
91 5546
3524 471
1624 5190
4315 1519
2400 3323
4873 1312
4231 1375
1337 4209
1417 2328
4836 1968
2987 4344
1100 2208
5375 5178
194 865
632 2359
5845 1825
501 5457
1320 788
4805 3891
502 1773
3671 5847
5481 3140
3252 3427
1732 5038
4664 3475
5293 1671
4022 5129
3237 4410
3999 1567
5556 5443
3701 2557
5599 2957
4426 4096
3525 707
4379 3236
1034 2097
1733 2999
5787 3448
3681 2889
1868 5853
2350 3873
5615 1749
2153 3726
4431 2339
182 5039
2452 4747
1268 1640
4517 2463
5748 2725
5609 3526
3069 5825
541 5815
5735 3456
484 5726
1941 2768
3731 234
4380 1753
5410 4990
343 5134
1181 3486
1112 2385
1854 5241
1010 4999
1381 5165
557 5189
5140 1291
726 2103
3676 640
314 1210
4385 3759
861 107
1735 964
250 5868
1237 2604
1243 2058
3014 4235
4809 2274
2631 4848
4530 1523
1543 3819
5007 3589
5504 3125
349 5619
2963 1513
5136 3048
4880 961
600 2802
2209 829
4129 4166
4662 570
3710 3041
2392 985
3409 1184
3617 2466
1307 3724
1485 5104
2589 2837
5602 3122
5016 2502
3841 4216
5463 4349
1833 2722
3568 2878
1165 1707
5096 5788
4217 2225
3201 2727
2335 4143
77 281
4787 2352
485 2899
1369 4179
60 5670
254 3528
5485 5852
3047 5289
3072 5699
862 1136
4139 4995
4636 4250
1419 5225
2628 1002
2106 4112
5631 2149
3311 2079
1435 133
5126 2536
5747 491
2456 3389
3806 5319
5701 3034
3479 2005
4897 5148
3414 2282
1310 360
1436 4378
2832 5565
993 2651
293 2354
2990 2117
768 1646
2660 641
985 703
2914 348
2639 2489
583 1041
3731 3897
368 5510
1456 4734
5055 1847
4745 4068
4587 3858
1586 3881
4613 2376
3823 1269
4474 1946
558 4181
3823 1699
2490 453
774 4420
3995 3622
2373 5459
913 4057
131 406
1724 5087
5704 2503
666 867
50 5668
1326 1623
1774 102
3978 658
358 581
214 5673
5786 5818
5317 5
3397 3203
963 283
5484 3202
1969 4864
941 3434
2202 3684
4085 3452
5717 2994
1214 2316
4690 660
1334 3661
3344 4137
2149 2962
1619 5265
3344 3834
114 3920
4784 2975
2183 202
2403 4991
2374 4858
299 3229
3179 3112
1855 2776
570 78
1778 4195
2222 413
4983 277
4238 5827
4288 711
1982 1876
5430 2483
5840 2308
1853 1606
5040 1717
1867 4769
4360 2469
3188 4998
5171 2995
566 2804
4031 93
1847 3282
360 1248
3414 852
3165 5836
688 801
449 1129
4867 3905
973 5693
2412 5380
1046 3826
2739 3022
5369 4832
4558 1446
722 854
3177 1896
3985 4471
5143 3007
3177 2294
2896 2434
2913 2235
1336 271
2597 5644
898 1748
4106 367
2572 4411
904 531
2080 2770
5163 4516
4188 2551
800 64
594 3286
5662 2834
2736 5135
2205 5340
187 4215
3392 3327
1810 616
4421 2702
1704 4390
191 2238
1610 1805
1003 2813
4739 443
3532 796
4231 4830
3928 3326
3463 2267
793 516
5160 3857
1414 5260
399 705
4696 3907
3142 4454
3079 555
325 346
2037 4333
5537 5535
4588 1294
2621 2816
3146 3918
149 2492
5045 84
3740 5743
3578 553
3897 4018
1527 3871
1237 1468
2243 2646
4753 5110
1549 5113
5315 5581
5023 4776
4625 1834
4153 2667
1565 3270
725 2930
4255 3647
4495 4992
283 3205
3186 411
4016 3474
1798 1022
3436 462
3250 3788
2811 1823
558 141
4018 1368
3369 3003
984 2875
847 5003
3867 1023
218 4562
5104 2107
5430 4774
3272 242
4661 3734
3640 402
2946 2550
1276 3233
4112 371
3553 3664
5604 983
3553 1284
5843 3721
197 815
3308 2554
3546 2181
4085 2073
4331 5198
5739 1956
4589 1659
1941 430
4951 5808
811 4408
1821 835
5262 5791
202 2852
1397 2629
4057 3121
734 4240
3957 303
3502 863
1550 4332
416 4475
5544 2082
3610 2911
5350 1599
1780 2729
2991 2315
3263 20
3804 5377
3568 2388
3598 5396
1908 1865
3176 3874
2879 373
653 5813
4746 5655
1485 2701
2487 3786
5161 4528
2140 807
1189 196
2943 2279
4524 55
5096 3962
4106 2665
5015 2910
5312 4618
3170 3063
4940 920
4623 2317
849 953
2829 2040
1145 1364
2675 625
354 5121
1760 3619
2766 2428
4086 4131
1099 3572
2811 4497
2764 517
2333 2699
364 3764
3523 154
3295 2894
46 2895
5132 3435
5799 4629
1095 1923
2446 3662
5055 4865
4552 2942
3109 4607
3506 1327
3970 2814
1552 5174
1289 4508
4857 4757
155 5692
4750 1933
5098 1225
698 3309
2972 5427
1257 1278
5006 1240
1277 1279
3240 5201
3615 1388
573 4418
1084 5474
2577 431
1009 5525
4103 4779
3392 3110
5579 5705
5034 2653
573 264
4580 4893
3195 383
2584 2148
847 1533
2363 1203
3467 5767
2860 372
453 2831
5350 35
3240 1609
2343 6
8 3021
4014 336
5010 1675
4795 3645
2881 2753
4040 5736
3021 4771
4091 757
4332 5753
4250 3901
1565 1919
4188 3432
5349 3896
4304 70
2623 3374
452 5397
4731 4182
3484 1432
4863 3547
4778 1349
1404 5749
3475 495
307 3711
4449 3420
5830 612
4279 2059
107 1820
4678 5303
1959 173
4399 5790
1056 4111
555 1875
5543 1742
4342 781
1259 2850
3835 1141
4981 1392
4031 3325
2296 2549
3478 618
4305 1554
5787 382
3254 2257
5299 3689
1669 2533
1527 2854
821 3444
936 661
1943 1616
3040 5745
2261 2242
678 2495
2390 1410
4920 5393
3905 4003
4801 3108
943 642
2921 4433
2107 4478
5145 464
3581 4204
3176 4043
3036 1442
2570 3139
1132 3514
1010 3257
1118 4286
980 3131
1605 4761
5818 3013
3821 586
2660 3537
5309 3265
3419 4884
3511 3652
3467 5027
5388 5513
3905 565
3256 3180
894 5496
2517 53
2573 2574
3784 5555
198 914
4952 5012
5496 2625
3427 3916
733 3198
725 508
359 5637
4038 436
2316 3675
4724 1745
3838 3580
922 4097
873 613
2954 2964
1648 245
3823 1039
4738 5131
4077 1226
2633 5213
788 3390
756 2309
4333 817
3678 175
4512 2310
4181 1068
399 1038
1760 5250
309 1683
639 4033
2625 2180
3437 2299
4036 4273
2208 267
3246 2189
2183 1783
1534 5429
1753 1837
3452 3694
671 2178
1545 4102
4519 5363
3330 2740
1136 1328
2424 532
3077 3054
5344 4202
2333 180
577 782
279 392
2272 1649
4983 5445
5544 1898
1343 946
1271 393
1678 979
2347 3269
1756 1929
2151 696
3457 1974
3978 3102
5558 3008
2749 717
2330 3666
3742 2868
5758 4849
1607 4149
3324 457
768 4716
47 910
1320 1947
41 3963
1336 4113
2216 4176
5732 2450
2839 5781
672 5824
3196 52
3097 3814
3257 4543
4766 3459
1090 2035
3497 481
452 115
1563 5147
3022 5062
903 5230
592 1035
2947 1452
2638 3024
356 2810
2737 1130
5036 4718
3722 4045
3997 2031
1562 659
2108 1802
642 1548
146 3777
2999 4350
2960 168
5619 4013
3323 5384
3983 4617
4131 1411
540 379
2489 1298
363 694
2524 3094
4608 3394
3373 450
1318 3687
3334 2594
653 5607
3505 2023
2668 5629
1822 49
4060 4004
444 1790
3501 1005
3988 655
5195 5593
3155 2512
2071 643
2651 2613
3122 1932
1055 3143
5677 1316
705 947
2604 2716
5429 2176
5102 5008
4904 2131
266 3737
2245 1862
450 2439
618 5000
1408 5654
4470 1481
906 5664
3824 1208
1628 1893
2189 2711
4155 4520
5123 5467
1637 1166
3117 1078
650 2041
4611 351
1820 5437
1340 3305
5472 2069
4635 2256
5799 1407
1201 3758
657 4591
4016 5691
3982 1037
497 4828
1237 145
286 3789
445 4760
4704 5722
1031 4485
2711 2346
2176 62
2224 728
4942 1839
2025 2132
3622 5090
2060 1840
1425 4896
1184 896
2335 3190
2703 3303
2209 503
2921 3618
366 5321
5716 1989
2501 5568
4365 2902
1347 738
10 3760
1751 2188
5315 4184
5843 3782
4297 1895
2195 5560
1081 3625
3544 4631
315 1116
964 5295
2637 4172
3821 5590
5309 1630
5414 3828
1043 3582
856 2426
2816 104
2668 2276
5528 1886
1043 1976
4591 1209
867 4186
1824 1503
16 3055
1472 4154
5776 4321
3348 306
1430 1953
141 3167
3457 4993
5646 390
2254 2213
2310 1396
2046 4800
1209 3302
505 2407
64 4372
5037 5785
5445 3749
1963 5734
1316 3184
107 3611
3051 1694
1932 5351
5563 4409
3169 1384
723 4987
4828 5124
4601 2723
3833 1598
1505 621
4131 4493
154 4070
1664 1197
4457 1415
2263 2397
3002 2809
482 365
920 1763
5809 1935
1363 95
5696 1838
5198 4755
2523 3357
3224 3261
5144 3948
1498 2264
4187 2888
3002 4306
3055 4759
1887 18
904 527
5010 1784
4721 384
3215 4291
3795 4554
4787 3225
2857 3430
4572 753
2012 5570
3192 3745
2394 5471
4953 5561
1928 4883
42 2214
3694 3113
5607 3440
3320 1301
916 1757
1906 5810
1442 4793
1540 669
3251 4604
1557 5180
650 5683
1823 3360
3017 1013
5337 2034
5605 5175
4624 662
3414 3654
867 4246
4300 3707
2145 2773
4261 2368
1363 3602
5283 3133
2927 1582
4764 4189
4855 4289
1655 4223
2428 3715
830 3883
1471 5548
3446 5733
1381 3182
1874 5862
728 162
185 3469
5778 5452
3807 4218
692 4513
1187 179
4241 5606
913 2253
2798 3200
4893 5052
5140 3861
4755 978
2153 4925
3687 2323
149 4128
2549 5477
4524 844
1063 638
417 986
5036 3090
1695 5751
1033 4929
1388 3260
1800 1952
3399 3765
5860 3744
4687 676
5415 3767
621 2619
503 2413
1538 5268
388 3358
4128 192
3422 5526
1877 4247
4762 2030
4462 5700
3908 758
896 1587
1192 3487
3855 1183
1152 2714
2910 2973
2584 4679
1317 2100
589 3455
2497 3699
4721 4326
2365 4666
2889 1761
4678 3086
5737 3019
889 414
2739 3812
2650 5492
299 5359
198 1076
4857 5128
1857 569
5046 5232
1763 1287
5526 5109
1400 5551
154 5509
722 748
2788 5819
5610 3012
3014 2636
3636 4428
2076 3046
2613 5013
3680 684
4942 2624
4858 4026
364 2819
1904 4309
4655 3623
5716 2228
5616 1813
4685 1173
5160 1103
2866 2123
4577 4824
2696 740
1864 529
4550 4144
256 4647
4488 5261
5535 118
4838 2321
2962 4473
4092 5234
303 3294
2242 493
3433 1629
3201 1158
2741 3910
4561 5812
979 1445
4172 5848
3162 3207
5177 4628
5165 610
1572 2697
4023 5622
3640 4119
1823 2694
3872 170
4287 5272
1516 3673
582 2338
622 2872
3456 235
4025 1806
653 2548
509 1901
1797 5028
250 4875
5497 850
5490 1462
1646 4975
3479 959
5690 5030
3831 3345
410 1198
150 1330
2975 5601
5374 3753
5728 4584
3040 4804
431 1216
1511 2607
134 1990
4843 1110
3596 4464
2798 301
1549 792
1934 1555
2773 1119
5154 778
4816 136
2248 274
4555 3811
912 4267
799 1685
5263 3557
1653 2417
4748 4258
4753 1124
3802 2778
2626 5417
725 1591
213 2632
484 3398
731 3540
31 3655
5816 1019
1210 3650
2024 5103
482 4595
5695 3950
1657 3099
1635 3657
1287 2900
5870 4773
3516 407
2894 1879
1107 1627
664 5432
1747 5630
4789 1204
671 4424
1146 3412
5665 2290
379 2599
689 4415
922 1138
1482 4986
1099 3768
2135 5569
361 5069
3358 4612
5312 3410
5178 5247
1664 4933
2755 2375
2779 2232
810 2303
731 1714
5759 2595
4237 4319
5621 1239
4789 106
2729 5660
3158 1613
5305 2790
2819 1692
3095 223
4208 3340
23 2130
3674 4590
4647 1218
3753 2326
824 668
5628 369
3784 2928
2788 2747
4255 1144
5504 3189
3850 3084
5792 4922
3672 2251
5145 4312
3263 5290
10 5521
2676 231
4275 2864
28 2221
384 4061
5235 3639
3225 5048
1512 4262
1494 4537
4927 5072
4377 1211
5355 4534
424 1393
2073 1712
4914 1282
1303 3663
933 1140
3379 1311
2654 3973
3358 425
1458 4650
3931 4298
4406 2372
5683 4354
3894 750
1363 693
3206 3603
5856 649
1956 3385
3193 5162
2122 3966
3970 4329
4839 585
5538 3020
4209 4339
1916 1382
5806 2641
2205 1924
373 2948
1857 1921
5736 2663
3366 1827
2852 1604
1996 5479
3050 2476
3809 479
4704 2493
3034 1686
1888 4829
1598 5451
5782 2616
1113 4899
5543 2104
4742 4560
420 2658
2610 4592
2782 3695
5456 1085
2763 1073
1669 1881
915 2174
2191 5775
3204 911
4147 5204
2771 5536
1793 3367
5721 5156
3100 4892
2691 3718
5572 1380
791 2537
1878 4456
2152 4705
1594 701
5091 355
5051 3249
4441 1529
4801 3118
4896 4322
2041 3752
3239 4226
5541 991
984 4002
2498 3234
1367 3160
5524 45
3548 1997
5167 5155
517 2969
2271 1900
4697 2937
4484 5514
3775 5255
4677 3642
3745 1487
3526 2215
1146 5083
2829 22
3271 4388
3399 563
375 289
1761 69
4221 3895
4805 2634
4851 4576
560 4101
1901 1726
4990 2979
3398 5567
687 1999
5030 5203
4103 1861
4639 713
5798 1044
4047 151
4069 2912
992 5197
505 1752
3155 5532
1162 2772
5136 4533
4887 4476
2432 3515
5186 3127
4187 4138
1519 764
2170 3354
2221 3163
17 2094
775 4330
752 3668
1270 3729
883 4676
5227 5649
5322 3495
1665 1936
3469 2871
3937 3226
1782 2520
808 4361
2949 2789
5274 3791
1037 3938
2475 3064
4158 5589
4764 1391
3251 327
3844 5411
224 2664
682 3614
2544 1961
3144 2744
3455 5724
4941 4861
3422 1779
4845 4585
2234 1718
4485 4640
910 5591
1451 1892
3353 5394
4867 5530
4108 3105
1980 5859
3050 4435
2074 5100
3741 4968
2443 1639
5787 3865
1665 4842
5398 4526
1051 400
5398 1907
4543 184
5752 2156
1905 5611
4640 3375
2155 5426
3380 470
5200 5298
741 4347
1702 1812
5209 4401
2094 2312
4720 806
4892 2000
934 40
3924 4788
3315 5725
1364 4135
1279 4763
2255 4084
3159 2162
1424 51
3872 3554
3116 4015
4136 3310
3373 4142
2664 1281
887 4671
602 1696
322 4523
1044 352
456 5780
5830 3044
2668 5413
4505 2459
3819 4090
1551 754
5383 2952
199 3848
943 1292
1413 4455
4873 5020
5469 891
940 370
4151 1351
5570 1149
1010 4345
112 99
2519 902
772 4686
5221 2367
3271 490
164 3361
1396 1576
4568 2327
3008 4308
144 2870
4199 5542
181 4337
132 595
3607 3378
3292 3403
5329 619
3809 2886
4504 4674
5384 317
2946 4274
3768 766
4769 4260
5568 4988
3201 3644
3385 1750
1869 5199
934 2713
1846 475
5186 1719
2975 4479
2238 5246
114 5120
2946 4912
722 3371
3919 4866
3754 1744
2458 4756
3047 1984
1920 905
1623 291
3671 229
690 929
1480 2190
5148 1585
3352 5097
5496 4958
2487 3996
1355 1556
579 3945
2527 3228
1043 5650
1043 4699
259 465
1717 5833
930 876
27 74
438 3972
3837 2050
1949 4531
1484 4052
4515 1429
3767 5846
1436 3892
1061 5084
4614 113
2043 524
3440 5564
4734 972
1541 5059
2675 3244
5493 3290
1818 59
4708 68
2771 1706
397 1344
1499 3863
2206 3415
3032 1421
3417 2719
4449 5054
2739 4230
1884 2484
149 3975
1140 258
1004 1497
5593 4130
1806 2481
5547 3725
2629 2393
2996 1401
3476 4239
3635 2438
4920 999
353 4749
4084 405
3682 2642
263 598
4551 5613
5314 5214
2642 995
1578 3728
4020 3774
5858 4122
4738 335
5695 3343
1719 1378
2626 3423
5241 2353
3587 846
5156 212
3165 5226
5147 4282
5315 268
4979 880
2213 2340
2407 895
4313 1409
4387 5826
4542 288
5757 4429
5733 100
4547 81
2342 539
4422 4819
2429 3485
3844 2144
5319 4918
4838 1235
4908 5361
1025 2922
2721 3481
1265 3284
3517 1517
3397 4212
4554 5304
395 1434
2652 3477
5837 4335
5854 123
1548 2334
1810 588
4526 4229
2550 4394
3878 125
5733 2951
3407 5288
2113 2118
5788 3595
4846 1267
3929 708
2733 3890
1080 4978
5534 3886
280 1015
400 262
132 5600
338 5768
4554 5431
5469 1438
1681 1179
3293 969
202 4810
902 5652
2066 5769
3667 3156
3354 5487
1856 297
1078 761
5809 1308
4576 702
5354 797
5535 2378
107 292
2534 2203
2230 3761
638 5061
1554 3337
1214 4559
5756 2746
607 3130
1899 5777
2351 4669
2203 507
5393 1190
1451 5332
521 2838
774 1737
4145 5805
78 2784
1199 2985
293 624
4202 518
2195 4278
1982 1412
3581 5712
5680 5064
2512 3613
5574 5672
3644 4509
3383 5042
2653 3376
3619 623
4435 4257
4540 3411
5283 3961
2371 996
231 2734
3414 3921
753 1234
4277 1362
3204 2250
3186 4982
4447 2223
1167 4430
3399 1029
904 5138
3950 4009
4976 3772
4269 932
4978 1305
5458 2856
4577 157
1969 455
4202 4104
1248 4791
1214 4190
3263 3539
2983 4630
777 614
5222 5208
1531 3038
339 458
2842 3355
5611 1194
4158 176
4573 101
2832 4785
3742 1709
410 206
2094 1465
3431 5723
1132 4201
5696 4853
3687 1007
3015 2543
2846 939
5405 804
3785 463
4497 1309
5870 3902
4005 1058
1897 3424
3459 4649
4260 2836
3195 5657
5476 4062
3352 2269
3037 881
5054 5157
5752 2970
5689 4713
1790 724
5075 4046
3776 1450
1831 5614
5825 5164
1189 3450
3024 5719
3469 4934
493 1988
3984 1880
3021 3400
1321 260
3660 965
1041 2775
3568 2678
1035 4723
4472 1360
322 4909
2554 2677
2008 526
3787 4163
1942 284
3046 515
2908 2293
4171 2286
4919 4366
1177 2786
1702 4729
3733 2081
808 3129
1868 4545
4815 1710
81 3211
1262 1700
386 2967
1603 1697
2230 4605
2526 1128
3207 1632
3393 4294
1702 3016
2694 5549
4775 5584
4462 4483
4058 2932
1835 2270
2312 1945
3073 5362
5171 4011
4461 520
2138 5797
4076 719
4634 1688
1455 3300
3767 5592
4148 1352
1255 2689
4908 4364
5637 5047
560 2761
5249 5675
1753 4603
4250 319
5070 2237
1825 729
3194 5379
1610 3288
2489 1304
5468 5066
1210 2578
891 1731
2117 4709
2709 4672
3534 5353
352 2553
1789 827
260 483
778 2166
4307 2575
5594 550
5787 4405
172 2682
4539 2479
1605 3585
5736 302
5101 5327
1212 1663
5697 1356
4112 4950
4857 2099
4207 4053
1182 1449
485 3947
5004 1266
436 4557
4838 3590
5058 1809
2227 644
4047 1593
841 5423
4725 3705
1280 5207
5648 677
4778 2865
4325 2396
1480 275
242 1542
4603 1422
3643 4174
3623 2893
2159 295
1313 2622
4909 2822
2820 5789
4501 5077
662 2891
5385 4271
5746 4924
577 1658
4164 5823
498 4078
3265 4413
3782 927
3259 2993
3334 178
192 5089
5783 1222
4272 1295
950 1026
4032 4894
5497 2289
4687 2516
1375 48
3711 3166
2743 5025
5095 5706
951 5667
261 2199
5369 5188
4199 4966
3218 1370
3008 956
5324 5473
2183 2284
2871 1314
1800 5494
2375 3779
2290 2929
3192 2036
27 5031
729 2869
1154 4670
4107 1207
4564 1911
1026 1716
2148 2247
1244 2157
2162 1682
3204 3915
992 2539
3271 1871
1953 2611
2296 1094
3167 1377
724 429
2698 3679
2563 2785
3602 228
4754 2756
2486 802
3983 2301
3217 2009
533 2419
545 5575
1967 252
1798 2105
2100 4080
755 3529
2684 3356
554 403
5302 428
3474 4311
447 2358
564 5278
1200 2853
4310 4055
2652 3665
5618 4254
3348 2304
35 201
4539 4317
3806 2172
3914 29
3632 3313
3723 3274
3556 3191
3376 4917
1969 61
5092 3333
4253 1754
5641 4514
1700 3362
4449 96
4165 4007
106 1762
1072 4065
5256 528
3960 205
4890 2273
645 2369
3046 5358
1160 1357
2566 5531
1439 2958
5257 2815
3226 3853
2646 3980
866 2488
3761 1758
1248 2978
216 3386
5813 4645
5587 4874
1810 5645
483 3522
4630 2182
5625 5588
4585 942
5169 5483
231 3936
4319 86
1446 3933
1162 1476
5781 1469
3619 2765
3065 2887
2672 1454
977 2821
3962 4833
4760 1359
3245 1089
95 4323
3584 4109
4315 3794
668 3719
4184 1169
2656 2341
2646 1059
4438 2207
5629 2053
188 2305
2756 5267
4078 5060
661 2728
5654 5173
704 2344
3440 4758
2235 401
3277 4194
1457 5727
2578 685
2861 5366
161 1775
4375 3513
4461 1577
361 3976
4681 1571
335 427
3752 2075
2964 2416
1236 1054
969 1250
4499 2825
5332 2408
2488 568
516 4301
664 316
2418 909
4116 4146
336 2436
5095 4852
5750 1975
1556 4698
299 398
2272 784
2150 1
554 892
5663 3185
686 2462
826 2700
2211 1575
1621 5024
2495 1983
5127 5869
4033 5647
3895 2474
3177 1106
5199 2748
3480 1147
806 4489
5716 477
1481 3471
5763 2569
309 3571
4575 4400
154 472
2023 381
1850 2944
1759 2231
4515 469
522 2828
5230 745
113 858
4006 4436
3038 3241
869 4355
1481 3885
1200 1077
3127 4797
1064 2356
3751 4073
893 3395
5707 3238
1618 5784
3344 4200
2538 5243
2783 1583
700 3697
698 5279
2655 3763
1892 5333
4623 4710
2768 3773
2440 3599
4405 3243
1595 4602
4016 183
1438 153
3032 2592
611 186
5531 3222
888 1288
2069 5448
4935 2673
1520 3648
3796 1354
4512 2192
1087 4882
4652 5345
2335 1701
2983 2576
3164 2453
1983 4072
204 2015
2932 5850
2058 3268
5206 1574
3993 1098
438 4160
1328 4548
3960 4521
4577 2485
4209 4082
3073 5370
5603 860
2994 4222
1702 3011
3946 4093
5444 3541
4814 3461
2278 2171
1535 2039
2496 3023
4688 2357
3004 4233
3964 5229
811 2630
3989 189
1277 2010
119 3735
4964 1021
2140 859
135 3898
3770 4648
3239 3991
5546 2800
5086 2427
3124 5515
2058 30
2274 111
2904 4632
1402 2360
651 5301
3353 5014
4457 2560
3854 3606
4271 2447
1629 5240
623 5142
4872 4395
5493 2088
2366 5216
4561 3974
5771 2124
1134 209
1964 2465
958 5583
2278 2568
642 4353
733 2892
721 3866
2207 1948
5828 2160
4998 2940
5468 169
4745 3405
3730 4600
5136 3845
1388 3700
4541 377
3280 3171
5252 1528
5394 5029
5273 4911
1401 3406
71 310
857 3098
2841 3573
3115 1491
2123 2380
1908 1687
4186 3488
4794 5292
21 5408
3387 3314
3861 4967
5217 5065
3148 5470
2904 492
5703 2876
251 989
3057 3134
1259 4549
2929 5212
2066 4806
3508 4162
4809 4582
4516 506
4299 4089
3916 4844
4519 2391
3098 4416
354 5744
5042 5151
4750 1093
923 5773
4610 1365
4968 5855
2163 4367
5370 4280
5805 3769
5029 3713
5089 3922
3844 1863
4620 2085
4486 5130
4353 2835
340 2313
3311 5043
1657 1842
2340 3287
4542 2635
1357 571
2486 15
1175 4765
5848 2508
5101 3932
5229 952
2728 5844
1007 1213
5337 3756
2335 990
1773 3173
3309 3981
4051 4124
139 714
4119 4243
4806 147
5083 82
133 3990
3015 663
5265 1020
5129 2707
4509 2057
415 4878
1814 1777
2284 968
2012 1546
5206 1350
4359 2268
3208 1231
1002 834
4552 3856
3832 3161
4601 3870
2658 2683
3674 5311
5149 3052
1087 404
377 2708
3139 504
2187 1764
4944 3653
1078 637
2207 1104
2040 5814
1026 243
5771 3368
4588 535
5327 5179
1891 442
103 2262
1552 329
211 5341
2688 2455
2358 83
4628 5754
4892 2142
3136 3893
456 3951
5502 3396
3441 994
4960 4616
3357 4569
210 4812
4755 2693
3664 4646
1416 4888
4185 675
5428 294
4258 3780
1215 5793
4792 5676
641 2780
4840 4481
4446 1785
5778 5044
5364 3339
570 1954
4149 3197
1506 1057
2664 1729
1070 1256
1936 3500
2568 1488
1873 652
4343 313
834 5356
1446 4283
1879 4373
5404 2063
3229 1804
2187 944
4310 396
5064 3010
3245 5159
3742 1383
1523 3071
1546 5857
2029 5661
4027 2311
4695 5316
3040 54
4036 1903
2524 4684
2374 5820
364 3472
2180 4522
4356 5406
67 1405
1369 3629
1383 1807
3053 1786
2187 3318
5296 2795
3286 2116
5318 5822
5767 2686
4406 5439
4544 842
1472 1475
632 2119
4589 3851
3842 534
5251 2556
3572 4358
5269 467
459 736
3361 769
1876 5623
191 3934
4600 4735
3270 604
3309 4715
1162 3283
3468 1065
1853 2387
4355 3967
2812 578
3539 4511
4503 4117
1962 591
2420 3043
3294 4041
4705 2028
4452 1006
5213 1387
5727 3255
3005 780
1982 1507
4586 5698
5582 1426
198 4997
4127 5755
5507 3822
3835 2669
5516 1951
886 5794
528 300
