5445
1878 1508
1508 3278
1878 3118
1878 1051
1878 5249
3118 1352
1352 1398
1051 967
1508 2536
1508 3958
2536 3154
1352 252
967 2534
3154 843
3278 1193
967 93
1051 946
1051 5138
1352 2318
2534 63
3958 3136
3278 2902
3278 248
946 5288
843 1696
3278 297
5288 2110
248 4951
1051 72
2110 905
2902 2312
63 70
1508 670
1193 682
5288 445
967 5010
5249 4542
5288 50
843 1695
2536 135
1193 2928
2312 230
967 5180
5288 2259
5138 3004
248 2241
5249 3769
2312 4236
2312 616
2928 1916
5138 4017
4542 3247
93 2795
2795 3540
1508 102
4542 2338
102 1877
1916 1862
5249 4170
102 2128
1352 2811
4170 2607
2338 5243
1051 5298
3769 1683
3769 999
5243 663
946 4140
4951 3443
4017 2615
1193 108
2902 3509
50 1591
5298 2279
843 2193
999 2248
3769 4394
252 2601
2811 4042
108 2671
616 1426
2928 2785
1193 3018
2534 5029
5298 2267
2267 1455
2671 370
2615 122
5243 439
297 2017
2615 3539
5249 5139
4170 1120
230 2309
3443 4218
2601 302
3136 3020
5243 2540
2601 1451
2267 103
905 3083
135 3776
2928 1566
1193 3192
3192 888
3247 2122
3958 5102
5249 1468
1120 3401
1451 280
3958 3
843 5297
1352 4483
135 1834
1591 4955
1878 4660
3118 2723
843 333
967 3730
3136 2830
4170 533
888 4780
967 5309
946 1671
946 4420
2534 1579
4042 3611
50 2563
1426 5305
4660 3882
616 3254
1878 3702
4170 5307
1877 1894
2279 4408
72 1957
1957 1679
5298 2080
4660 2146
843 2419
2723 2525
1193 2793
135 4983
2419 3815
4483 4676
3401 4594
2279 2209
682 1055
946 704
2671 5016
1957 3715
670 3229
5307 5378
3004 1644
1878 3874
4676 5236
888 1018
1695 1180
297 3218
5102 4816
4955 2097
370 4248
999 4635
2563 4147
3874 3309
2525 1703
2097 1555
533 4241
4816 4412
2128 2278
70 309
4983 517
1683 4886
2723 2564
2128 4084
2785 784
4660 676
4248 4293
2259 2179
4660 3113
2122 1602
297 1642
5297 833
1566 1673
4218 3404
517 3245
1398 3479
1916 4159
3136 466
3882 4509
3776 3209
3540 4737
1644 2926
3209 1629
4635 3282
1018 936
70 1829
3776 2295
4737 4063
4084 3206
72 2471
2318 541
333 4411
2259 522
3540 4118
1834 47
4017 4190
3479 353
3404 5244
4660 354
2785 2437
1916 4805
1555 651
1579 800
5309 2075
833 2977
333 3198
2536 2194
4293 279
704 4129
122 4880
4880 790
4084 4654
230 3427
670 4246
5298 3857
3857 2858
466 187
2563 5430
3401 1115
2110 2955
2122 5018
1957 1261
541 3933
1115 4782
3857 3559
4420 3751
1193 3454
4084 233
187 3568
5249 405
3479 2730
2564 488
4170 2283
704 2687
93 2718
1683 3054
1566 552
63 4088
2785 4310
3404 3012
1115 303
3715 3760
2318 2503
2209 414
1695 1971
370 579
3012 3047
3933 3380
2977 2988
4159 4372
2267 4629
1566 989
2830 4945
2607 2402
279 2577
2419 851
1673 2511
2928 3349
2128 994
3443 5106
5106 3274
2902 5163
2209 1040
651 1031
4635 3744
670 2688
1894 2270
4654 1264
1696 1922
1602 1774
3218 894
103 747
4805 5326
4983 1241
1957 912
3083 904
4408 2092
1703 4429
103 1251
1957 4631
522 2070
2080 2288
2977 1793
616 2588
2688 2113
3715 1532
3702 2565
2564 4022
2110 1792
5297 1682
3047 5339
3539 4825
3751 814
522 4058
2402 2498
3245 4634
3857 4621
5139 1225
2858 1727
4737 1390
280 3087
579 3616
4159 1179
2288 2289
4825 4687
353 1037
522 2469
4420 4768
1179 612
50 4354
1508 5074
989 5276
103 5328
4634 2376
4635 5175
1703 3570
2267 5425
4634 4889
3570 3982
522 406
1241 2861
1261 4316
1591 5438
1774 3056
2534 3038
4634 4738
233 258
2193 4155
2097 3794
252 5130
4780 295
3769 1214
4084 2879
851 2347
4310 3140
3254 5077
1468 1944
5180 3203
3958 2817
4816 575
1703 1240
851 1999
4310 1188
50 1493
2289 492
4945 607
370 5143
3730 4069
3140 909
2902 240
1493 4195
2070 3127
814 4474
5305 2740
5102 4901
4660 1925
2536 3577
2194 2621
353 1616
2926 4981
5029 2677
3577 3060
4621 2446
1894 1621
2437 1993
5016 4037
1188 3142
5163 2208
2621 2800
1862 4633
5106 203
370 3686
3047 4936
2241 1207
3247 2627
2511 2388
4316 665
297 3821
3198 37
994 1285
4594 1499
3401 3482
3198 1515
1862 4258
3686 4304
3479 5050
3087 376
2070 950
3401 3627
3282 2544
4246 2527
1352 2282
4782 5053
4768 793
2861 493
297 1418
3627 126
2267 4814
3730 668
3020 3164
3882 3235
3127 1239
4159 87
47 1490
1642 3334
122 501
1120 2778
2902 199
5180 2913
5138 662
1451 3429
248 1325
2879 3554
4304 1967
5276 540
4634 317
5244 4475
5276 4618
2926 4176
3715 1765
3235 1912
2817 3033
1727 4344
488 1767
2208 4630
2858 2812
5244 284
2288 3318
4084 192
1180 1522
4042 4803
3874 1293
3794 2896
2179 4324
37 5197
2544 1122
4901 2238
5339 4168
445 2362
102 1890
4945 2438
1862 155
3154 4908
439 2509
2615 4508
3577 1365
1971 4999
4168 4207
682 862
3206 1064
682 3668
1922 1758
3857 205
4475 1917
4509 1610
4140 4913
3274 2157
108 5434
4344 4759
2248 1618
2955 4834
1758 5009
670 3534
4955 5165
4983 310
252 1795
2926 319
2511 4193
676 4276
2469 2748
4981 2947
4246 12
4955 360
5236 4167
192 2799
1455 5367
5434 805
4759 4015
122 1726
2017 1246
1325 213
1241 3019
2799 2412
3554 5017
258 5361
2577 5196
3056 1798
3857 605
2988 123
1798 636
1917 4615
4088 4080
5243 5079
3060 1842
1515 218
2588 2460
3056 4007
1325 860
4069 2353
2070 461
4190 2255
5425 2100
5106 1920
4687 14
4412 1296
297 2620
1644 1652
4509 3390
4474 4519
1120 977
5309 2674
1566 3041
1055 4979
1468 1433
2799 2354
370 1526
2503 5193
2800 300
1695 5116
4015 1548
1579 223
784 4082
3454 996
5430 2352
1508 3708
1352 1721
1795 4072
936 1056
790 3971
199 2350
1246 824
1264 3463
1842 5101
1264 4830
295 2530
258 2181
1673 4285
4246 5277
2179 739
5010 608
2347 446
2248 3096
651 2060
4474 3990
3390 5332
2376 2766
3958 3811
1037 4727
3933 4566
3540 505
1239 80
1037 5404
4676 1219
5425 2602
3235 1363
2812 2005
2388 3628
3083 4847
492 4537
3087 4126
1051 2625
1566 3435
2817 4673
4825 849
4394 763
5277 4954
1721 4266
5079 4939
905 969
2238 955
3142 98
155 4259
1671 866
5438 2803
3540 11
4167 565
2193 3492
1214 1940
4420 2859
4633 384
5309 1624
3127 1478
5243 2760
2540 5078
2621 344
1671 1848
4088 336
1621 1116
936 4349
909 4587
4981 1317
2540 1347
905 3602
2238 5142
2289 3488
1115 4707
5430 2450
2179 1909
5430 5183
4803 5354
1726 2582
1207 2773
4372 3477
3282 1488
203 2736
3 2084
2437 3169
989 859
3769 2134
4519 2862
4324 4219
1671 930
4834 2891
4129 1799
5009 638
4344 3252
258 4562
5116 5153
3811 3487
1240 4160
295 3213
4542 5245
2902 3709
4017 4726
279 3445
663 3225
866 1841
2248 706
967 3598
1922 1576
5139 4052
3708 3431
5053 160
565 2526
805 291
2438 1628
1878 1831
851 5218
1993 3330
894 4459
1703 1986
98 553
4830 1702
1673 352
607 2883
989 2649
5106 5131
670 742
3570 1183
4082 4831
4615 33
1878 2414
3769 4892
1579 1353
2318 5269
1912 2078
1037 60
2926 2169
1251 3106
2688 3315
2977 835
4304 2931
4316 1879
279 2271
1624 4794
4834 1648
297 4651
2766 1003
1488 1924
3857 4926
3113 5185
1122 1802
213 1534
2563 3077
4979 3099
5163 4807
790 2340
2347 3786
1920 486
1246 3843
3602 4384
1696 5056
3602 4334
2955 1980
2362 744
3060 865
1912 3352
3054 3940
1993 245
2778 3196
950 3546
4830 167
3127 2638
4259 3293
5050 1866
3577 1954
126 4702
994 1242
2080 3648
540 3286
3857 3381
2388 3193
505 803
1418 3804
1037 819
336 2549
4981 3868
2766 4139
1285 3632
3018 1850
155 5388
5276 2948
1214 887
2309 2319
3479 3919
1116 1
4195 526
607 4370
4159 1435
5009 1337
1909 3932
2674 359
5307 5006
4945 684
123 3989
466 3806
2928 385
284 2140
763 4540
1831 3930
1261 3044
4276 264
1673 2041
446 4028
5218 2662
5193 4030
2412 2646
744 5144
805 1945
3429 3423
3196 4642
5131 4094
5388 1354
2241 4323
11 1221
4080 5022
4069 3189
1850 3130
849 1512
2350 629
233 1416
1534 4027
406 4821
2812 2201
3744 1685
3044 2683
668 3563
1792 4121
936 4280
4618 2698
4037 3471
297 2637
2928 4251
461 3872
2350 2297
446 2989
2078 5113
3702 2895
1829 3671
4052 1994
676 432
3487 4046
4803 2899
4635 4591
2895 2641
384 2635
2376 253
3940 1407
3628 1130
4654 1636
3443 2268
72 443
3990 3614
4475 2792
1957 3151
3919 908
352 2626
4285 1397
1353 3421
5113 4899
793 249
5388 585
4080 5239
3274 2244
1455 5005
2208 1785
1679 1905
1398 2333
2607 3270
317 5063
888 4439
2525 2658
1193 728
790 5426
4634 3949
2698 4319
2157 2178
4168 1891
2931 3000
3794 5389
4429 900
3033 276
252 4279
4825 2341
3806 1146
1636 3833
2178 1160
2255 928
2122 1496
1916 3034
3715 3663
5053 3133
4219 495
2005 2395
2376 1103
4072 459
950 3059
5053 1542
2309 556
1685 3766
4126 4299
4046 2293
2649 3712
108 256
359 4925
4651 2585
2544 350
4782 869
5218 2873
2544 3829
1515 4352
12 1863
2469 3853
4782 1100
4195 9
4266 3759
240 5172
3833 1405
1103 815
2585 1216
3349 3337
4080 4619
5388 5038
747 1291
2412 654
126 4881
5005 328
1841 4225
2395 2073
4058 5066
930 4923
300 943
4058 4004
3534 1063
2402 2822
4615 4270
1496 4206
3140 1228
2471 3789
4037 4171
1940 3674
5197 2916
3169 882
1216 816
1648 3541
123 1374
4015 4795
5066 3466
2352 3770
4408 4556
5276 3824
5022 3377
605 563
466 1699
3087 3066
2896 5145
3443 2379
2295 3931
4411 1711
4319 1837
608 2841
3012 1334
2347 3448
2419 2485
1103 2908
2297 4819
835 2810
2530 3983
2279 4787
2283 5204
1130 2624
2799 767
1758 229
4981 2642
4981 2186
3602 2
5269 1627
5101 464
1374 954
3209 1163
4615 1914
1916 1014
291 2115
3671 727
1785 3310
3245 4973
4190 2226
4266 4451
1064 5366
3627 577
203 121
3431 2046
1264 3939
4451 3855
1116 1921
4052 3522
5077 1230
1682 1300
1842 4128
3769 2949
1841 3029
2446 2466
1116 1956
1799 4573
2309 530
3038 437
4219 3871
5339 3484
3484 4657
3154 1749
989 1306
3309 855
5305 4264
5307 4935
3000 539
4983 3367
3882 1672
2113 4832
5066 48
414 3344
2736 4208
2896 5075
1354 2383
5143 1742
851 825
3337 2713
2530 5158
1228 1128
5066 2261
5102 576
967 5369
4310 5413
4935 1345
5305 4504
2549 669
5434 4254
1711 3623
2092 1903
4676 3720
245 3262
3282 1059
295 3612
4935 4861
3431 2787
2511 562
5017 5093
5116 3304
1300 2022
1624 1370
3443 2031
2376 4152
1103 4306
3794 549
1261 4670
2255 3191
459 5133
2075 1977
4509 3564
5269 4808
2201 1619
1566 4946
943 1069
1702 957
3482 3637
3570 75
2895 4896
1993 19
199 3039
1146 3603
3274 756
4042 4002
2460 65
203 3070
1648 3184
2683 3838
205 4380
5243 5429
5438 1494
814 2631
2283 2648
4248 2127
4206 409
1894 4360
3304 273
2113 1858
2549 3908
4983 4482
2395 3476
5236 1886
2625 2187
1837 1369
2988 377
5175 1436
2293 4937
50 485
967 3943
5056 2476
1426 993
2279 4736
1522 4249
75 1970
1765 255
1369 2958
4052 4640
4316 1887
579 5319
1407 2355
439 5156
1407 4141
2730 212
5361 112
999 569
1478 2816
1703 5215
2471 1872
2352 2294
2671 697
1624 1608
1542 4188
5388 4178
704 4389
2830 3141
3140 4325
575 3545
2766 4494
1829 2531
2674 2900
3198 5348
2859 2275
5288 265
344 69
319 2870
5425 1545
2100 4498
4923 3966
4316 3064
3315 1762
3971 2860
233 394
4293 1381
2525 4204
4556 4261
2988 4501
9 2173
4727 1469
72 4532
2582 975
3235 183
3278 673
2402 145
5328 2919
1120 4005
2134 3814
2799 3079
2241 3297
3770 3097
1478 2366
461 1860
1522 2798
1793 177
888 4712
464 3279
252 3359
1122 2404
1365 2823
654 687
1711 1861
3541 965
2169 3226
784 3957
112 4729
4370 1342
3759 5321
3616 3651
2718 3880
5158 1571
5309 1307
3019 3576
2078 3997
2841 4287
2005 2710
3359 3319
4937 2779
3815 3765
790 4590
2460 5028
1977 1577
3226 4162
3064 4039
1905 4922
4168 1503
2031 3132
240 4547
1300 1817
3349 2605
4188 3655
3142 2276
1920 4967
608 2576
4299 3664
3019 1827
3540 4151
682 4265
3744 207
4954 2003
665 163
4896 91
2092 1153
2740 179
2005 2415
805 1460
4631 475
4955 2950
3806 2277
4657 2462
728 2589
3811 2116
3209 4596
1496 3441
851 127
2186 653
2241 2586
4821 844
4676 885
492 772
4936 3549
928 3707
2615 4704
3577 3565
517 914
2674 2925
3297 46
1762 2171
946 2786
1418 1930
3344 1839
2116 4580
359 762
2179 3792
3492 2387
816 1700
851 765
2462 1738
3193 3891
1980 3906
3274 2148
1749 4530
2201 202
2955 1826
3184 4757
4519 910
4372 4383
4324 5444
2785 1279
4896 2560
3671 1674
2544 3685
2187 4369
5130 4091
4629 4435
2005 4520
1478 1819
3310 792
3404 1155
75 5412
2157 4233
122 4153
3792 1222
303 2425
3310 643
3132 4016
3651 941
1886 5356
575 164
2544 1248
3140 3910
1742 3672
2811 3491
4152 4008
3565 5246
1829 3208
2683 132
2169 1904
549 3263
5017 3024
843 2708
1334 68
240 470
2395 3505
1841 2491
3334 3249
75 2524
1862 2280
4389 4423
4380 4797
2859 3161
1610 433
3297 3688
3919 640
3949 3086
3070 116
1179 2225
121 2744
1841 1584
4768 4211
354 320
3709 2442
3940 4402
1762 973
3477 4232
5113 5259
122 3430
4687 1704
4370 3490
4219 3778
4530 2144
4140 3607
459 88
3794 1029
747 2789
969 2219
2353 4455
2577 4765
5116 338
2687 5129
2860 2954
5218 3455
352 5048
1826 2349
3522 5222
885 3503
4983 4988
218 572
3966 5065
5079 2301
5016 2421
4988 1258
5153 2942
3070 5080
5244 1315
4178 1790
3041 1598
63 2252
5259 1362
1837 3188
2376 3052
5354 1983
4951 4548
994 4496
4922 2382
4270 4095
384 468
994 2613
3891 705
5078 1301
1850 4632
4830 3112
1240 3123
4945 175
4795 2457
5022 4181
2395 3927
526 3493
552 857
3607 1663
1031 3591
4805 4471
4063 1238
1598 3985
1029 890
2179 4495
1354 2086
2097 4775
3484 3231
3448 2599
1381 2915
1673 5088
3218 5333
4886 1198
4834 3325
3127 2214
3012 1417
2100 2965
4022 5324
3730 2055
4304 5271
350 621
3943 242
4058 4608
11 2764
4270 4576
1704 3755
5175 4897
1258 861
5143 209
4483 5227
3906 3981
3708 1822
3435 4202
2341 4785
3161 139
4807 2195
3381 115
5175 5346
1291 1378
993 719
4504 2300
3655 2628
4594 4318
2127 5253
575 1298
121 4070
3541 4755
2031 1806
4360 3826
2624 789
2280 373
2631 3646
4946 3873
814 4335
4803 4353
116 4534
3226 1448
1866 3719
2748 5427
2862 3339
530 733
4532 931
4834 4234
256 953
187 3450
3792 4961
4141 3887
2277 4767
3427 1045
3545 4985
1610 318
1334 2233
4797 2758
1921 944
4344 2587
2226 960
4651 2040
1522 5232
669 3040
2412 2929
132 4813
1839 482
3707 1105
291 2726
704 2264
4520 3745
2388 3700
2621 2153
1618 1131
2116 4462
4821 2697
3344 3840
3712 4784
2275 1274
1228 3748
4429 2206
2563 4111
4170 1868
443 2217
437 4223
2787 3737
446 153
4955 4969
4046 3205
1618 3280
482 3220
4813 3120
4534 427
1398 364
2862 2878
1193 3459
2354 1625
2293 1427
4420 3035
4208 4148
1999 804
1222 4298
1116 491
790 3684
4519 3555
258 2183
252 2481
4462 4746
844 244
3971 5403
2318 2910
1703 3635
612 2751
4306 796
1793 3860
2404 1076
2697 361
2511 4228
2883 1093
5232 45
2289 877
1238 919
3120 1087
3380 341
1155 4919
4687 3864
1468 2945
4657 935
2187 4771
3120 5140
4562 422
273 1310
5246 2093
3429 5282
2527 274
233 1413
4276 503
2748 397
4954 2408
5434 4708
5369 27
4532 2669
5328 1201
2628 287
1917 4376
4411 5278
1925 3373
279 3071
3120 3978
2926 4253
1685 299
5321 2405
1905 4187
437 418
4784 693
4494 2389
3766 2969
5236 2742
1416 627
4707 1756
1971 5308
885 1217
5434 631
3668 1062
1925 3473
4435 1865
4807 1081
4816 2572
4111 4448
2873 3903
890 5418
3745 2963
668 1979
3113 1997
1795 1991
2153 5203
4712 1181
75 4051
439 5414
139 2334
60 5136
2744 4189
1051 472
2282 4018
4095 2135
1863 3606
2255 26
4999 1403
1228 3212
3891 4772
3568 1931
5324 4430
3602 2890
4118 4489
4389 4443
5075 4457
1703 923
4961 362
4206 2839
4594 3181
2157 1692
1374 1211
470 2216
338 4514
4886 3552
4737 5395
2379 4166
3603 5247
3786 2753
4547 3221
2017 4790
5236 3976
5395 2788
3612 3025
3315 2905
1618 2804
5018 1497
3655 1686
3651 4710
2613 3351
4204 4524
5136 10
4979 3895
183 4685
1 4761
2350 2502
3611 3243
2040 4541
2352 4499
3315 5441
3648 228
1369 1389
4306 1638
943 1565
2658 1145
1522 451
3760 5343
2625 1640
3672 3952
4094 644
4128 219
1671 89
3778 5110
1957 4942
5243 5262
2730 710
256 337
2786 1985
1944 3233
2641 4047
2626 1428
12 487
2282 2533
1577 4853
5378 236
4519 4918
3789 4796
2355 2801
4687 5164
4181 3461
4236 2230
1624 368
1381 3723
4489 2007
91 3884
4640 237
1767 5377
2318 1631
4111 1923
1062 238
1862 3061
2549 497
4765 250
3491 2004
2945 4871
5444 2745
4323 484
800 4914
2264 1218
3552 1395
2466 4717
5262 2706
977 5312
4794 1962
2674 839
4279 476
4070 1132
1347 2993
3646 3797
4615 2636
4634 1649
803 984
353 3681
1407 1273
2294 5393
4126 4960
2764 2188
5339 365
3077 1989
608 1186
5079 3573
91 4877
1997 2808
3151 797
3927 3090
1627 2821
1912 3067
274 655
1219 3368
2148 5037
1817 215
865 995
3491 4315
621 1933
851 3987
5232 2129
1488 979
228 3030
1 2695
4825 4990
3297 570
5333 3180
5247 2249
3985 3259
2599 2508
2022 3107
3330 3420
4767 1265
163 599
1922 4320
4334 558
4457 1476
4423 4697
3113 564
1417 2917
2438 154
3420 3834
1686 4065
4707 2411
3309 2451
2395 4100
4095 3453
63 2124
1802 4753
2169 1786
3989 2707
4457 4864
3245 222
2697 2735
4896 4196
4072 2417
1625 5431
3939 86
3628 1688
4634 3363
3367 4399
2642 5299
451 1694
4304 4695
1460 1932
3646 2335
5278 5058
999 5318
793 3703
432 2198
5050 2463
3450 1089
2252 4829
3286 423
1685 4221
4399 5170
3997 3170
4926 4812
127 3395
5305 1275
967 1599
376 1289
2414 4511
1128 1722
127 4523
2319 2033
2469 2492
2352 2428
2726 3382
1642 1453
5058 5391
2022 3144
4459 2068
3144 4672
3674 2440
2198 4230
843 3268
2144 2172
2977 2287
219 823
1301 1960
1619 2024
350 1531
1640 2820
2637 3178
2294 1008
63 2343
4246 396
1397 4966
4190 3006
2910 1322
3430 622
3304 5205
3708 4043
4181 4283
91 511
4304 5115
4787 5347
3864 3062
3646 4616
1427 4528
3107 4526
3033 2551
569 619
910 1818
5434 3277
1786 3580
1979 1281
80 2500
4160 2377
3919 2956
3493 2008
3488 1564
3441 1463
575 1620
1179 2901
2787 2111
4171 4136
5348 4866
4270 4858
3130 4105
2902 898
2238 1803
3855 828
103 1036
564 2875
365 3967
228 1309
2778 2306
3144 3001
2347 2676
3668 2305
352 2731
72 286
950 4486
2873 3724
4967 3153
1115 1575
1682 675
3635 5272
2873 3078
2989 5241
5074 2029
5063 1691
4353 2185
4757 4397
2530 4527
1577 2488
359 2032
1515 1371
1293 3925
2110 1650
3811 3662
2353 2776
4861 1085
2540 4357
2277 1875
2766 5213
3395 3643
5412 134
2007 2057
4967 334
4147 3115
955 864
3930 1341
843 3163
1037 2814
3351 478
1686 3597
793 198
3868 49
864 1716
3107 3619
63 3302
2947 3410
3198 392
3450 2232
3067 5212
1924 4009
1793 2590
3760 3306
4151 3571
2925 5360
2993 4286
3087 3875
5259 5157
3169 5442
930 1552
2309 611
3144 2400
205 3472
4037 850
957 3088
3671 2265
1 415
5053 2298
890 4001
1374 4624
284 4491
923 3785
2708 1609
3838 4842
2896 442
1225 42
1850 642
1819 2371
5143 822
5016 3422
5185 2622
2411 4150
2033 43
2993 5176
2649 2717
1179 3098
1802 2815
3555 624
1834 4743
154 3028
784 3608
3054 2052
4708 1082
4016 1668
804 2332
3274 4595
1427 4628
2649 4366
3041 4003
4871 2106
1858 4841
2078 2274
108 998
3423 2002
484 717
2469 3242
684 4911
2334 3691
631 1902
4344 1867
2638 3830
2502 2600
2492 1049
3132 3253
636 3148
816 1349
2792 5411
1436 3593
1230 5124
3952 1244
3242 818
485 3669
2466 5363
2052 583
3933 1816
2540 3831
3319 204
68 4900
4095 4903
2140 2543
3006 4273
300 1167
3189 5252
5172 883
2300 4515
4946 4975
1758 5072
973 2058
1128 5373
804 288
3831 4452
2181 2996
866 5182
258 3979
273 3374
4687 168
1122 5207
4717 4480
1055 2694
492 893
4072 2346
445 571
2560 1030
4383 1589
3254 3959
2278 1437
904 421
1180 4879
3263 2161
242 4691
3910 3036
2822 282
5244 5181
4319 725
1916 5030
3163 1907
3459 67
2319 5098
5318 3516
4877 4991
3563 947
5010 3524
4672 2561
931 5293
2002 5171
3957 4345
2787 3918
4983 1026
631 2936
1298 3246
4900 1725
2803 5286
4903 694
1619 2746
2586 703
2491 3194
4951 3974
1062 3356
3875 1004
1618 5342
2901 4994
5133 2434
4807 2759
2625 3538
1014 5068
5130 3926
4832 4720
3036 83
585 34
132 4598
5253 1667
1571 1759
2563 2045
4126 5398
5058 5069
2084 4327
2438 1117
3591 2375
2707 3953
4514 596
2280 5146
2414 3954
4528 5268
4072 1073
1345 3276
989 1192
1997 173
2638 5368
2823 970
135 2089
5074 5365
4782 3956
3549 5014
1877 4671
3482 1438
1155 3017
2861 591
2476 542
341 1788
3278 1272
970 2553
2605 2175
2949 1976
4881 1406
1922 4698
865 4464
5010 4374
2293 4827
33 4347
2288 3119
1275 4823
1040 4164
563 2542
2638 41
4619 2681
4632 4801
2193 680
422 4132
2217 4614
1956 2761
4900 2673
693 3168
103 4067
1610 2461
2674 8
2024 6
2731 1106
4548 3750
470 1936
3410 5061
4698 5047
3602 5008
5253 3150
4004 5432
273 1823
1265 2813
240 2207
5069 918
4168 4703
851 3526
2319 4351
2958 1600
1207 3975
950 3689
1997 30
2332 105
2929 949
4136 4331
2207 769
4159 1176
2187 626
414 51
102 5200
3249 5380
3422 1659
116 4398
86 4962
3443 5358
4345 4947
1602 185
579 4049
1579 3621
1451 1168
2289 4312
3940 4361
1370 4400
2252 2182
115 4222
728 1402
4159 3474
2425 3599
2052 4589
3655 508
2194 2980
2817 1808
3459 559
1317 3511
3377 3341
3304 1864
1073 4916
3471 4957
4926 4257
422 2018
4429 4123
3170 3125
394 3202
2533 1513
894 3913
384 2159
2533 597
2902 3775
3686 2320
4225 3469
960 4446
2638 4262
5157 3440
1704 2339
5307 4583
2563 2532
1785 5194
2875 506
51 4438
970 1236
4207 2828
2956 2126
559 513
4153 1975
3337 1420
3140 3261
1155 293
1914 4477
215 4689
912 2943
705 4982
41 3964
4889 650
2965 3590
2694 54
3088 2966
2823 1740
5288 2853
3226 4497
4399 3156
47 1472
1867 5027
4954 2495
2046 3414
2760 3820
4276 4682
2128 573
4534 22
3616 4715
1866 1048
360 2165
1912 1574
4462 716
599 3569
2751 4978
4475 4870
4257 4521
3279 3514
1691 5304
2080 4857
4978 4098
2171 4026
5014 5148
4767 848
769 3470
49 5265
2942 1840
1957 1633
4785 1171
3477 2166
1239 290
5243 3828
2508 3937
433 400
3684 3783
2446 2583
1922 2884
2913 1689
2264 4986
4448 1232
3423 1358
5288 3796
3691 1825
230 2569
1749 4760
3939 2737
3368 2423
116 5396
5212 1210
4018 1918
4596 3636
772 1777
2295 3475
2799 4958
3794 1764
2414 1684
1358 4964
2252 5192
310 1511
280 4701
1912 4142
3188 2689
4142 1753
3180 1992
2186 546
276 294
4829 3812
909 4747
2405 4909
814 4444
1298 3768
5259 516
72 2887
4942 5188
3151 3095
2157 3305
4596 1110
5136 259
3806 2357
1437 518
4596 4792
1460 146
2046 4762
5027 1189
5018 734
3684 1898
2232 2981
4168 3909
145 2269
1740 3413
354 2973
1877 4296
54 3849
1163 453
2508 3757
179 4056
2821 133
4504 4290
418 2663
2744 2869
4389 2237
4423 3963
2354 695
415 584
1703 1771
212 582
5368 1502
2387 99
3472 1847
409 527
2457 2721
3703 4125
1785 1050
4290 1255
5066 3852
334 2180
4685 2882
2674 3713
5363 3617
3123 1044
2405 465
2928 701
2674 3361
2387 1384
1026 2747
4530 3521
3974 2418
4832 1714
2041 4103
572 3158
4397 1593
642 324
1722 5057
4738 2345
4768 2378
112 2108
2075 1613
4926 2912
1933 1424
3253 1162
2600 4337
3078 1364
1795 5035
5319 2833
1003 683
4475 4856
2543 3485
2503 951
2060 2184
1364 3215
3475 448
1242 4623
2184 3560
5332 2516
1055 1320
1898 3121
2899 3444
4190 620
4755 3126
4682 2119
1193 5383
941 1212
1193 110
6 2934
3180 3032
4266 4083
3484 1329
2912 4048
3766 4268
1940 2006
2214 589
5272 2784
2318 157
4345 4062
1438 538
1628 1851
427 1054
160 1623
1369 5285
4004 4032
3884 2158
800 4617
5438 2118
4285 3093
4015 3117
3926 1083
2821 4343
4841 2154
2912 2399
1180 5331
1120 3822
2347 3323
3975 3934
4717 3589
3344 845
1395 3825
4827 1506
5172 1643
1453 1204
5241 3353
3196 3634
2795 4348
3750 1655
4187 5
2294 4869
302 1654
815 381
488 4578
1577 1184
4819 5221
3029 1900
747 420
2309 4172
2225 1467
4147 4817
946 2608
1792 194
2442 4203
5213 1604
3976 4932
1309 4313
1918 5226
5299 4375
2602 4493
1749 3160
3797 4359
1132 118
67 5032
4676 3228
279 3458
2642 3667
470 4391
2625 40
4052 2597
4496 2554
3390 440
2658 1121
5425 3291
4821 4115
492 2932
4596 62
2340 1504
4615 1572
5326 5118
5393 4777
3305 2189
5072 1787
336 4924
1673 5371
1089 4031
2450 298
4616 3391
4357 2678
1448 826
2402 2163
2977 2888
4306 2223
3868 1324
2118 1400
253 1835
4782 1698
1777 649
1467 391
2198 4077
538 2864
1532 53
1511 140
2421 3567
4541 4845
1842 5313
3821 4377
2113 4843
3209 3548
3545 4569
2207 4572
1848 343
796 3625
3178 2322
87 4781
2793 1533
4808 2866
3849 2506
4629 2653
3243 4646
1879 840
845 1776
4411 4308
3849 751
2572 2651
88 1336
1365 251
5268 3433
2295 3241
1493 5409
103 2453
2605 1068
4360 3021
2017 4898
2810 277
3843 1012
3066 3387
1251 3134
1850 308
3616 2940
341 4458
5245 5345
697 1748
3482 3654
1082 148
1322 1935
3233 2790
3170 5250
2188 5237
2790 2095
155 3065
1704 3642
680 3856
2790 847
5176 3256
3181 5317
3552 1077
4801 1550
3310 5094
2516 1009
2620 4470
4594 4368
845 1034
3804 4023
1940 2920
655 449
5118 2995
3804 757
1765 1717
1944 4096
1903 4469
2279 2702
5347 2098
979 1287
5444 3547
2710 713
1212 2909
482 2452
3304 1757
2815 2501
4738 3972
4812 2327
2322 2445
476 3124
1957 4855
1591 2654
373 306
432 1343
1214 578
3356 544
1246 4876
1506 761
443 2337
4448 5228
649 1474
2901 547
533 3327
828 16
2440 3407
2895 2152
3245 3917
2463 29
3689 1394
2216 1838
5383 1470
2887 3907
4208 4565
1903 3900
2746 895
251 3317
1029 1871
5361 4579
3484 5147
3934 5206
279 691
649 2199
5333 5127
2179 2448
3804 1637
1914 1558
3061 4965
1600 1800
2460 5316
5434 5416
5244 1408
583 3290
4985 661
3509 4329
3391 4288
4046 1457
2742 1735
233 2578
245 4119
2171 3693
2460 3518
432 2281
3770 745
2339 1099
2457 4602
80 3914
4308 787
3760 3216
3493 3581
4115 1844
3086 261
1838 1809
3829 4970
949 4894
1629 2215
1861 1570
2217 1254
3192 1544
10 314
2255 997
5146 3915
1300 52
1865 3085
93 678
5298 2767
654 798
5342 1282
1210 450
3755 1434
1522 3673
3770 2074
1310 708
3259 4568
5146 1926
4501 1888
1081 44
739 3406
860 5067
3667 275
1871 460
443 1446
1795 3798
3090 5211
3112 58
1999 3862
1572 510
1975 1465
997 4948
1891 4395
3925 5034
2 692
4635 2617
338 4175
2412 2538
541 3501
2882 2979
4345 2160
4795 755
5321 2099
1397 3103
905 2386
533 1095
4372 2472
4660 3861
2179 1731
4697 2806
1861 2794
2460 2313
5244 1626
1117 5290
274 4074
2022 3114
950 3326
3144 340
40 2136
3150 4309
223 3362
4812 1557
687 4154
2925 1209
1040 1429
317 3100
4439 2392
5391 4741
1167 5060
4501 983
1555 2729
3435 3172
2144 858
359 3426
1863 4036
4830 671
4501 1963
3554 5122
665 5195
882 4798
3814 980
2492 2852
1877 5199
4640 567
5361 5125
464 4731
2506 4485
4736 206
60 1161
2501 1443
4583 4977
3577 413
2925 1581
4464 3102
2481 79
3576 2317
1493 2623
2352 3904
1407 1554
3612 5011
2862 625
883 5187
1337 5151
1621 4559
4072 884
1188 1520
3855 4453
5345 3110
2627 3588
2113 4107
5048 2854
3906 2704
1800 4711
4003 2548
671 1614
1420 2826
2814 2732
2958 2666
4206 1770
3278 4928
3627 104
2536 4487
2524 3478
5144 4658
4334 3129
3547 4503
3588 580
3915 1015
1840 3063
4202 4199
1579 4421
559 2845
104 1288
5444 586
1512 4445
5373 4535
4389 382
4486 3343
4118 5296
72 2177
4234 1270
4829 3271
4973 2762
2193 5000
5 5240
984 217
3077 924
5221 3321
1806 561
1668 736
44 5108
1875 2314
3153 1367
839 1529
4219 5330
2928 4245
2278 1824
1891 323
2198 4393
1731 4728
2600 4205
3305 4341
3180 2639
3107 2328
1289 387
1956 2972
5074 2020
553 257
202 3716
1167 2941
4866 3827
3668 2076
5088 3027
4458 4242
1403 1147
280 3656
1272 550
2498 3311
3125 3207
4193 2263
2873 4997
4819 3675
2988 604
3410 1744
3245 188
3518 5023
1189 4518
4262 1832
44 220
3017 3946
2890 3893
3426 342
3293 2141
4408 5070
4889 5323
5127 1514
2376 4539
3208 4611
1842 4157
1036 4512
3554 1404
1212 4461
2888 4220
3220 1071
1147 568
3150 3536
1095 3562
2726 879
2400 4165
2 2396
571 3258
3246 821
1872 3002
1608 1821
858 2467
1767 2364
5138 305
1945 4706
2753 1380
4325 2164
3170 4468
1210 4449
847 1569
4360 1769
1918 3905
2353 2064
3093 5223
1448 1195
3974 4891
3538 1807
3196 1612
2799 4730
1044 4213
1926 4585
5388 1411
4221 1880
3927 2486
2530 3801
4499 454
5272 5301
765 2191
4395 101
1731 1876
513 2394
3628 3300
5118 3434
4022 4734
1040 2028
4136 741
2902 1340
4568 1516
784 325
3814 595
3326 1229
3095 1119
5228 2478
2637 3412
3359 2109
2164 1895
3097 4844
364 3468
2466 2923
3843 3185
344 2927
3759 1166
5101 3658
5331 4064
1744 4507
4249 4987
4728 5291
1698 3902
3667 4822
691 1057
2279 1487
4759 3622
1824 2831
1515 4510
4448 2791
445 534
2223 201
1051 3574
943 184
4411 1585
365 4097
4043 2036
4747 3183
4784 5055
4942 4609
1799 100
2411 4604
4098 1630
2677 1784
2799 1669
2896 3383
2516 3174
3828 988
2602 1355
294 366
2531 1466
4380 2221
1329 2568
4743 3787
4965 913
3982 2523
1621 778
763 4463
145 723
1960 2291
1354 3889
2586 2069
5016 5132
4062 2014
11 1178
1051 2262
1161 3807
1085 1978
1558 4669
1119 1213
2625 3525
4942 4865
3940 3585
1555 3790
2816 3375
2485 3543
310 4522
850 4972
491 4427
4979 5135
5321 3419
4565 3951
217 2344
2966 4332
1886 2441
4002 2838
864 3996
1861 2547
3573 3447
2111 1677
540 5300
344 4342
16 1483
3672 1344
3685 5289
5215 788
885 4675
4803 1855
2182 3595
2707 5090
5286 1269
2564 4478
1570 3848
552 1772
2498 1247
1093 399
5354 4915
3628 2348
3218 536
3982 3736
4494 4272
2956 2149
1317 5049
5330 393
1265 4752
405 2880
3565 1227
4420 3604
2762 637
4768 1263
5262 1961
2540 3823
1155 4815
4393 2946
4991 1680
1749 5382
219 1020
5016 2986
3063 4432
2119 1431
3459 1484
2084 3660
2931 1773
2080 4650
420 3519
4017 986
65 78
324 2390
2864 2682
3787 2142
649 1387
3567 3128
3178 1023
3478 3022
573 4130
2233 193
1762 696
4869 4599
4967 4000
713 617
1875 1266
1888 735
83 581
4123 5283
3684 2836
4325 4029
2919 5104
5382 715
986 2690
340 963
2448 2722
2181 2071
2375 2783
3833 4110
4157 2644
4708 2512
2136 434
3905 964
3304 4995
3110 4993
1343 1401
1358 463
2263 3819
1825 36
5163 2125
5110 4271
3792 1678
4015 2019
619 4984
288 3139
4556 2468
4241 2982
8 2952
3492 5085
3470 4292
2215 5013
3276 5003
3391 1053
4475 1893
2854 322
337 3899
1945 2738
3614 3652
3775 535
3060 4930
640 4465
2783 4381
2032 1200
908 3553
3902 990
2736 5190
1572 548
4539 4907
5365 3091
696 2824
53 1477
684 32
2182 3802
4128 5137
4587 1158
2366 5179
4784 5439
855 5162
4470 3299
1749 4291
3475 3013
5398 3057
4032 1938
3140 1108
5286 4920
1792 4226
2704 3504
1287 2885
337 5258
228 3587
5068 2253
572 2655
1073 2893
98 3143
1467 3480
2390 1058
778 1489
2109 2700
1917 137
3213 786
1493 386
295 3177
734 4138
947 925
4482 3641
1572 3948
420 307
1894 3345
240 3896
179 4173
2232 1889
4687 263
1467 2657
439 2292
2861 4848
1696 5004
1997 1409
4381 182
4136 4788
3144 3844
2501 4567
4916 174
1602 1080
2980 5306
3766 172
1840 3500
3636 981
1522 3835
5137 25
4366 5374
1056 165
1171 2200
925 3187
2084 4113
3930 1836
258 2770
3253 911
2653 4944
2980 2518
4900 5394
2265 4833
1644 5314
3884 5352
2345 2686
1806 5424
5139 2016
5298 1331
562 2579
5199 3881
2297 748
3833 2085
308 479
640 1780
1599 5184
3492 5302
2058 4350
1836 5349
544 2331
4477 1583
1841 1399
464 332
3804 2985
4100 3069
3880 1113
2915 3155
244 374
2708 4192
2160 1321
627 3483
585 1462
3643 609
72 4700
5028 2104
5206 613
405 5392
4736 5201
5411 4943
3127 4872
625 647
2472 3683
1722 4322
5330 4146
924 2898
2966 5168
2125 4656
2898 3396
4077 5119
3247 1283
2217 74
2161 3854
1677 3049
814 3936
4465 3592
647 3295
179 3645
2732 4071
3622 3296
89 4289
2577 3451
3132 210
989 588
3607 4284
5282 2424
5090 5123
5205 4974
4162 2555
1668 3080
2758 4653
44 2329
5131 109
5324 2974
2791 1881
3063 321
5223 1605
2379 5384
3368 1911
1893 3928
2923 5198
3352 278
4325 648
248 2155
2518 945
2309 4835
3724 2251
565 961
3934 4912
2305 1675
463 4652
1774 972
3249 57
52 3583
2770 4902
2144 2465
955 2962
4892 4133
5200 1775
2208 2618
2666 3542
3325 4263
1201 4382
2388 808
3908 2757
1472 389
2450 4333
3115 2192
558 811
3833 2829
2019 136
3141 2048
1242 216
540 2591
5123 4102
2704 630
5094 411
2119 4053
163 3405
3032 729
3188 875
1341 3008
2148 3991
579 4143
3268 5167
4332 985
212 3865
1402 2573
4213 1461
866 1885
3049 2545
2864 2203
4609 4883
2841 1452
4136 2775
1474 4525
2172 700
3133 1185
1823 1959
1378 4884
2859 211
2902 4124
1258 416
5067 915
3002 2474
4903 1897
4074 1011
4206 1546
4700 3695
2387 4851
2757 794
2532 3945
1878 4019
3286 3739
3990 4431
1343 1256
3363 871
4695 1594
3848 4745
2301 2937
2884 809
2078 227
1631 1067
622 2711
5194 447
4924 3342
4990 4791
4286 2805
2344 3135
2689 3251
3459 4859
2075 2066
1722 4086
5384 5087
5058 3692
3342 1551
3907 5099
3247 2719
2208 2754
1589 4303
4399 2856
4687 1419
3374 181
5426 5169
4892 2025
3110 4667
2276 2611
4399 529
5414 5350
5232 3007
4587 1123
137 1622
4691 2781
3245 711
3163 4627
2631 3771
5424 292
320 3358
538 1259
1554 1151
3480 3537
1087 3237
1448 2063
3658 1597
3505 3400
3598 4600
263 3214
1285 3763
4288 899
669 3575
2682 3947
1424 4887
4737 5445
3569 1549
723 1133
277 2088
2563 3984
4233 4024
2244 3741
755 3950
1850 5303
5305 5248
1232 3876
710 1139
4939 496
1654 5256
342 3679
2108 785
290 1537
2488 2061
282 1693
4157 431
1780 2992
4944 2997
5176 2037
1636 4174
2573 1284
2814 3818
4918 4025
2232 1547
1798 1635
970 3725
1516 3510
5427 5126
3291 2483
3099 2780
3018 2643
2883 4714
3106 2050
1680 2556
160 3762
1462 208
5047 4723
1879 2145
2265 2384
1748 4182
2917 740
2533 3704
609 4385
4053 2403
2355 3042
3660 4260
2172 3456
1614 512
4844 3223
137 5364
611 3728
341 2043
2146 3767
57 4060
1644 4917
2199 1987
4096 2162
1526 4560
5425 600
864 632
1258 4862
290 1313
1512 4921
163 1586
3042 2970
5222 554
98 1525
1808 3711
3035 2385
5278 4145
3064 3773
5286 810
884 1736
4140 2728
4461 1142
5187 2370
1195 1220
816 1751
3375 3313
2472 4307
4105 4696
155 4545
1515 1235
4685 5174
3552 829
1792 3190
3736 5294
1598 5082
5278 5216
167 4373
1371 852
3440 4076
4865 4603
2862 4200
2428 5338
1989 1149
3910 3159
3229 4387
3228 2228
967 2310
2181 469
2226 5407
5004 4927
3115 2496
5065 4571
1864 4294
4383 3805
2577 4719
5110 2120
1932 4516
4970 3780
1344 3416
1466 1615
4036 3171
3180 2121
4496 2709
3608 3355
1420 2964
2545 2432
5365 4460
4449 2515
2753 4240
3263 537
4173 2514
2005 4770
4494 2497
694 56
2199 2513
4018 1553
2506 760
1463 1747
2815 114
3571 2482
4710 4131
2901 2777
1736 2131
2947 5428
3404 1333
4738 1761
3362 2133
621 4231
5428 4092
1675 4442
1695 3335
3792 1177
2731 1372
187 3105
4360 2224
3359 1118
5018 3074
3818 832
2561 3731
445 4636
2121 3346
434 3495
2248 1670
550 4956
3855 3601
2262 268
3547 5073
392 1656
1608 2001
5290 4447
5204 3965
4366 5033
172 3294
1095 5400
4696 2990
4842 3385
2759 891
5394 4763
374 73
701 4183
1731 35
2074 1157
1184 5266
1589 3497
3601 587
3907 2407
1026 2360
3445 4802
865 267
4258 356
2569 1892
2396 1981
1604 958
4974 938
2382 1501
1198 2316
4348 1393
3745 4750
4284 234
627 1377
5262 269
3943 3409
118 5084
2384 262
4307 1138
2681 3687
2543 129
5312 5279
194 2351
1300 2537
2523 4045
1395 4473
516 4243
5414 3832
2822 3248
5138 2802
1067 3010
1287 1047
4798 169
5431 3986
1334 2957
4656 4838
4728 2881
2972 4405
2238 4799
453 2850
309 402
2173 4502
3290 1814
1564 4466
650 4679
1911 2558
2823 4134
4812 5263
4134 4744
3951 1927
4880 5281
568 3694
101 1084
2145 2535
2378 939
3001 4087
2841 3550
4780 71
1618 2243
4651 867
2278 2240
2441 2273
4199 3697
2425 3732
1663 5111
2423 1820
1496 5235
1684 3399
4927 3289
2841 4725
4190 688
5391 1523
5065 441
4964 296
2305 3322
1680 1286
3054 4006
4399 732
2688 842
1063 3376
2230 1135
4799 345
4519 776
323 4543
3090 4355
3171 1156
5259 4144
2378 3145
3353 3499
3984 3011
4797 897
1774 246
5187 4305
4987 3666
3785 5355
201 4034
2503 3250
3896 4664
3091 2330
1986 2863
3730 1348
450 4250
3691 2874
5398 4733
882 4390
946 836
3380 1295
2735 1332
4623 2911
2189 3197
3862 96
3865 3165
2115 2444
2080 3281
5396 5083
2776 782
3540 436
5347 231
5343 509
465 2433
418 1606
267 5415
423 1224
3341 645
4679 874
3945 4379
4629 111
3997 4109
1609 2550
441 3316
2461 2150
3032 3109
691 1661
3663 907
4469 2416
279 830
1362 1481
4299 3698
980 3048
3117 5410
953 4338
3598 4198
2905 5362
4925 3639
4985 1169
2185 2640
1700 4690
1214 28
3948 3009
5445 590
548 1314
1011 2857
3019 1360
4444 3210
1037 3533
2291 2393
2400 1159
1931 1445
3612 3513
2688 3201
4483 2897
4266 38
3009 3929
2150 4837
291 3340
123 1328
575 3397
4928 3111
3914 4643
4003 2397
4990 4012
3971 5189
4298 5036
4310 4467
3196 1278
2031 1540
2995 2094
4832 226
2826 4410
2540 2914
2986 4906
2853 3244
1692 1482
636 1101
3672 4500
3834 4732
5416 5134
642 598
3951 1573
654 1449
4477 3515
669 1750
236 3236
93 221
2863 2256
1095 4575
4042 2246
1103 1061
4051 390
4260 224
26 4742
2515 162
3868 1676
5288 2871
787 4677
2986 1791
797 2835
447 1368
5426 76
565 430
537 880
3306 5191
2854 2174
2201 283
5164 3255
678 962
4939 1768
446 5209
4368 178
5411 2703
1614 2504
1434 2051
3480 5202
745 4425
969 5166
3106 500
1576 327
4823 774
493 3727
1633 2892
3335 4404
2322 4066
173 4386
4056 1845
465 3272
805 4721
3174 4934
2859 3424
2466 2023
4125 4479
5326 3866
803 3998
3651 5376
3192 5420
2392 3388
1787 2614
998 737
1800 4989
164 3378
2513 4403
3780 5275
695 3393
2331 2455
366 1022
5439 3531
944 4748
468 3520
824 4326
2704 1114
4951 5020
2516 4529
5253 4414
717 1500
262 1884
4065 4885
1557 881
204 435
983 4440
78 3879
4609 773
3078 685
2188 1027
2100 3809
4373 1475
4460 1104
4393 5041
5291 5042
797 4269
3255 4104
4309 1330
4514 4275
582 2645
4420 266
245 920
4355 4890
3983 525
3247 2254
579 5381
3934 3779
2804 2632
1246 2168
2320 4492
1100 690
5299 1385
864 4336
3849 2049
1550 375
375 1052
2899 355
1911 2447
3683 1092
322 2091
451 3348
5004 2659
1081 618
1153 2984
2228 3579
4291 4247
4489 2147
4690 2096
3447 813
704 1392
3077 1388
2344 3046
2863 3551
328 2903
4830 1937
282 4705
3917 130
2830 1074
3899 3630
1978 5062
805 3586
5062 1302
4962 2062
1579 4117
4292 2034
1893 214
4869 4057
3441 2290
3634 3398
3903 3718
5166 1127
1689 1796
4025 1737
9 3605
3323 2245
3258 4888
385 1611
1465 4021
894 3068
5286 4278
4698 363
3404 1955
1936 4678
4979 490
2318 4854
3476 4454
3646 4544
67 807
414 395
787 2101
5176 4033
742 5284
3032 2612
5049 131
1861 313
4299 4255
533 1607
4329 5026
954 4612
4115 3347
4042 1078
4830 3717
74 4179
2625 1208
567 5273
4389 3232
2726 1528
5204 1458
3362 379
3585 4811
4822 3269
1987 39
4469 330
4624 606
4007 5120
3736 5334
882 1718
2801 689
883 2000
3136 4764
1826 2520
4151 2436
1769 3594
1063 4122
3597 3076
4053 726
4719 2257
1071 5311
389 3878
1238 4655
4253 4694
2826 4904
1181 3260
2334 1312
4851 3960
3067 1915
487 652
2558 3204
4053 4868
790 681
4438 5357
4076 4641
1166 1973
1030 2580
5139 5097
4885 2227
3025 3613
4908 3264
4738 2539
3979 1035
2166 3747
4370 633
5309 4112
36 301
3235 916
3902 2234
2244 3615
501 1226
1296 593
2564 2675
2028 124
3573 1988
3024 1164
2142 4224
4982 5064
5101 2987
3447 18
1816 968
3348 4396
4801 3600
3539 254
1246 5421
673 2971
1300 5225
1400 2529
3064 1701
4004 489
2726 2011
4482 4895
4012 801
5200 1072
2831 502
725 1070
2884 1373
4327 3705
2760 1060
3915 2038
2884 241
935 5399
3164 1592
3130 5401
5418 2559
3453 2809
3606 92
227 329
2688 557
229 462
1372 5091
1453 722
1501 5002
4205 937
2370 1096
3957 3706
355 4551
27 2834
2917 3333
3567 5436
4324 2368
1374 1028
3151 1974
994 4878
2962 2499
1062 5220
1875 1527
1341 952
1819 1805
4729 4789
2166 634
2152 5051
5426 2475
1085 2867
1312 2907
3259 3885
4669 3364
92 1662
1347 1346
2353 425
4544 5121
2627 1001
1009 2323
642 3992
5338 1990
1020 3867
1116 3162
93 3432
1573 1660
1489 1143
2711 4647
1764 3898
1700 4252
3747 1943
393 4665
2207 3788
1573 380
951 4424
3249 1086
577 4137
3280 5234
4312 3089
4065 3973
2989 2933
4530 1007
4541 4214
4934 2571
2457 3742
3272 5287
194 5040
1932 4392
3654 1366
1553 2741
1348 1966
4293 4867
843 4593
1027 1039
80 3082
333 4433
2735 2818
501 1789
1143 3920
2058 4210
4039 5100
1696 2430
3905 2960
3918 886
3232 1359
3934 4281
4750 3791
1307 1908
2805 3859
3684 4828
836 2796
5389 82
131 1066
4530 1681
3563 795
4529 2449
5182 452
3741 2752
1579 1588
1681 4197
288 189
636 3442
4341 601
1469 2727
2903 3988
1127 666
1726 2117
2080 657
652 2039
2478 1641
3559 2716
4065 2422
2529 3710
1082 1664
2735 3267
1004 1454
655 4388
3663 5255
4528 2260
1698 5340
2826 1126
1113 3273
2622 3031
4254 2047
251 4699
3391 4820
4885 4274
4336 5405
2230 1745
803 783
3881 3793
1403 4282
1264 1754
4440 659
591 4779
1216 2906
4676 1833
3476 3312
590 1098
1283 3935
4619 147
4841 2123
233 4893
4560 5344
3910 2978
949 2953
4460 4054
4568 1524
2932 1415
1082 2693
4248 2774
1369 4992
334 1065
5122 4836
192 781
2440 2072
2050 2528
1467 515
4703 5292
4462 2865
4701 2566
2192 4863
2173 1253
1145 2660
3021 3734
4999 2156
1817 3557
3315 2138
5428 3722
5350 4564
2512 4905
1876 3101
5312 3324
2717 5229
1398 2921
4453 766
3352 775
116 141
2362 1996
163 1379
3987 1383
2468 3402
485 4557
1468 4749
4298 2112
5396 4169
3648 2210
3181 4953
1826 614
3296 3287
4619 753
5426 3897
1279 2359
4252 316
3667 4980
5078 4317
4917 746
804 2872
1825 3729
1974 4488
4560 1410
5317 1882
744 2026
5158 3764
1222 143
548 1327
2934 5071
4834 4010
136 2196
1678 1732
70 5219
5145 3740
5281 2365
3960 4959
3160 4610
716 3659
1306 2765
2608 3644
234 2712
2777 4472
703 2009
3951 5260
593 1311
201 1521
3000 1152
681 4367
4368 2067
3134 3836
3344 1223
3820 1815
2536 5114
245 2406
1602 889
2509 724
3181 176
1558 1743
3693 1856
4234 90
4319 940
4797 1304
4119 5233
39 1252
4545 2570
5213 2302
246 1781
4798 3314
862 1231
1611 1267
32 3075
1252 743
5113 3275
5136 2633
2071 2983
1831 4416
2157 2519
3891 4773
1269 473
98 1492
1291 4365
4357 315
4572 1830
4803 5025
365 1708
4857 1129
2379 4401
2329 144
249 504
3577 159
193 3753
3233 2634
4734 4106
2977 3517
2982 5095
5091 5217
3412 4301
2839 749
1501 4976
3440 1739
937 3816
504 5155
3075 349
3089 1137
578 2231
2801 5422
4725 1396
3377 3403
1163 2825
4100 2734
1920 3584
4110 419
564 4217
3189 720
4641 2546
4927 4476
1962 4769
1547 2336
5262 2771
4471 2493
773 3530
683 3418
1073 3199
4854 1896
4967 2304
1 5329
4978 2749
4449 403
1622 2431
4207 1873
3150 498
5413 532
5131 4683
3351 1846
811 1934
842 3301
3125 1928
3168 1102
4742 1913
1108 156
691 4766
1699 1268
765 2105
5233 3449
2923 2832
1213 4300
3470 4613
3875 31
1694 3173
2064 2918
1571 1043
427 1690
3514 260
251 2479
581 357
5373 3813
3979 856
3281 639
1504 1006
3244 4751
3840 5435
3033 4212
155 2772
256 107
290 3149
1788 4778
3759 4484
1895 2755
1900 2458
3391 3749
2223 1375
1615 679
3163 2610
4251 2696
1404 2541
949 927
1961 424
4512 272
4759 3372
567 5257
5115 4577
642 3003
58 335
2764 4804
297 3758
3717 1556
5144 3735
4394 1376
5330 1794
1057 2670
884 1249
418 1125
4995 1580
2914 3094
5422 1779
3723 519
5088 674
1987 3303
2280 401
2527 3532
4604 4850
3296 4441
4262 1595
4103 1697
1289 1567
3311 55
376 3938
4820 2672
4578 4818
1829 4531
1198 1874
3487 7
2348 5076
1084 5152
47 1442
5345 4931
5213 4555
3333 2151
233 2938
663 5315
4273 3369
140 2065
3318 853
4976 4194
930 346
2310 4584
4094 4085
2642 2015
1545 4968
4613 3837
5324 1441
4341 339
2444 191
2509 3502
4857 2842
2127 2242
1594 2619
2365 2054
2838 2552
350 2059
1999 1972
5234 903
1185 1464
1322 4330
3064 197
1937 369
1545 494
1614 2137
3998 834
5060 3886
4966 4363
2068 3670
2857 3869
1880 1870
858 2616
48 1782
659 1339
2000 4184
3442 2296
2608 1728
5256 1243
1726 932
5061 1172
4222 1517
2126 3782
124 5408
147 3894
252 603
1022 1440
819 2114
3844 1299
4590 3084
5312 3994
4003 1518
989 1148
1125 239
2740 791
2962 759
2663 4625
4869 4739
4169 281
4268 2205
1249 4809
3060 3701
4370 2574
2089 2286
3577 3146
962 13
1128 3392
1078 5019
2890 4684
5393 4668
3164 3045
797 3993
654 5103
2580 1646
206 750
2225 2715
1037 948
690 3508
4753 94
5429 3152
1695 4328
1396 817
4308 1710
4590 4875
252 3800
4667 1634
3589 3754
1930 3498
2495 4044
5131 3073
4572 4929
4103 3147
513 1017
416 1941
4641 698
2950 4185
5361 1852
5259 3496
4473 5385
3304 2439
2773 149
2754 4620
361 4093
2411 367
129 3610
3474 1444
2712 1134
734 2197
5050 4910
912 3211
4294 2592
889 4582
1529 4362
5027 771
4633 4311
5283 2763
766 3851
4726 854
4682 458
1625 1647
1293 3922
3705 4692
5354 2211
1185 3999
403 2975
3915 5397
1388 4014
4742 4933
1214 152
1506 5107
609 1519
3000 1998
1345 4413
606 3386
4593 117
4695 922
834 1206
1226 555
1957 3436
69 2598
5164 892
3282 2361
1732 351
4273 2922
302 4061
843 4158
4118 2087
5434 2517
2402 4358
3867 3817
2528 3507
3231 4035
1648 2315
5201 3014
3641 615
5338 1639
60 81
16 1233
4361 707
4173 5353
387 2480
140 721
5385 699
4509 1423
5049 2426
396 1303
484 326
2368 2593
1669 2170
2741 457
192 507
3725 5046
986 974
3899 2647
5131 3858
4341 4810
2512 2720
1497 1276
1289 3690
2996 170
3509 21
3125 4099
4522 4996
1643 3240
266 5096
1644 3968
3782 3609
2616 3366
3667 4364
583 812
4389 5375
3086 4949
1848 3629
4067 3733
4113 5021
3382 1929
1423 1290
2270 520
4974 95
3671 5149
3634 2959
1641 1535
204 2769
668 5437
5334 1596
1727 677
148 4295
4213 3682
1228 514
3065 4680
303 2797
103 2848
1465 2596
1178 982
4467 1024
2431 2358
5156 531
1695 412
997 799
1971 4998
4204 4227
4188 4180
2261 2782
402 1191
4376 3394
3874 2876
557 1005
4623 4238
2983 1187
2803 1563
4978 2819
260 1016
3514 1173
1223 2489
1105 841
145 4055
1623 3653
2669 4237
843 3462
4017 235
4010 917
45 3465
4733 921
287 5419
3577 2603
1886 3699
3730 4073
1935 3784
2525 1308
3337 1578
5253 97
2286 4601
3681 4040
111 4314
5133 5178
4715 4774
2752 4950
4452 4661
2096 4426
2086 3016
3321 1010
3142 2667
473 2420
1270 2522
4233 1810
1062 1271
4608 3157
2963 1294
3322 1559
1961 2102
4625 5242
1490 5109
4529 2490
4440 151
4717 4513
2934 4201
1532 358
1404 5231
2576 1587
4105 347
775 1657
2601 3877
747 3738
220 2380
1954 456
2527 85
2726 523
1222 289
1 270
4404 1706
2460 623
2549 1088
4916 2739
2147 3092
4469 4346
3045 5359
4489 4450
1399 3026
4393 4776
2834 3746
3580 2998
4832 5001
4485 1901
3126 2924
4809 1032
1920 1318
4100 3224
1654 1033
4594 4549
4625 4607
816 1456
3003 1280
3964 1422
2383 1709
3520 2176
1399 4550
4336 3332
5421 2629
2734 3308
4823 1965
2525 5386
2826 709
4167 878
3557 2443
5058 1021
1680 3752
2237 4824
3943 232
1278 3298
2771 4409
2451 3137
2782 3307
1263 5387
1358 4114
4736 2222
4858 1804
4757 3678
2008 1414
2765 3506
3673 1203
4774 2311
3568 3371
3243 4239
69 820
972 992
2722 1507
3934 2894
4372 2272
931 3680
2156 4417
4525 4709
3629 1234
553 758
3617 5320
3873 5440
2041 1326
4429 3265
2402 3916
30 730
520 1412
3006 1486
4531 77
1978 1899
4738 4941
1021 2258
4883 64
2962 831
4384 20
4770 4156
339 991
3765 1042
137 455
2170 2053
859 1473
318 5154
4829 2606
1738 4561
4623 5351
867 4340
3712 4786
69 3234
3168 3486
4098 3556
1570 2725
1056 3845
3368 3285
853 1801
2226 4793
1287 764
905 3676
915 3578
2857 1174
1332 566
1407 3464
3878 5372
948 1439
2826 1906
3076 2807
4833 4078
1943 1356
2036 1741
4913 1257
687 3446
163 5186
3432 718
4460 2374
1148 1658
1583 166
4310 2594
2669 2236
2698 863
2813 1199
3575 1391
3599 1734
4921 3995
4620 3743
5415 2521
295 646
4441 2507
3587 876
83 312
512 2609
874 5044
4458 388
2754 5417
1753 2877
4675 5105
2038 3640
2725 1948
5391 1197
4051 4852
359 5015
2988 4693
5326 3266
5273 4428
3153 1498
771 4538
4411 4
5253 712
2121 2413
4445 5210
1817 978
3118 1883
2522 2250
2096 3870
618 4533
4344 407
4429 304
1497 4722
4480 4013
3285 331
2624 3944
2314 2477
300 2951
1484 195
3915 3795
1518 3175
3707 1811
2106 934
5316 4882
1801 4645
1911 2367
3537 1869
3470 1305
4123 3774
5439 667
4879 4481
3036 481
3953 3888
1195 4783
4287 1729
2621 2846
4757 1952
1822 1425
1683 128
1369 3638
5195 3370
4390 4666
341 3890
1462 4716
3254 868
2773 1141
3546 1964
2848 3166
2626 3457
242 641
4051 4554
222 1939
2582 1724
2420 3425
2839 802
195 2308
1835 4718
992 1335
1056 3481
1581 3647
3616 3037
2774 5390
523 1910
3382 5024
2558 738
3819 1995
1537 4505
1542 5224
222 1196
1875 4536
344 5089
715 2701
4505 1090
2482 1079
808 17
1088 1755
2749 438
1909 3761
2801 2827
1188 1471
807 2944
4646 1097
1986 171
1594 942
427 1338
2286 658
4587 4434
2411 1760
2881 2840
2095 3883
3683 2847
897 398
2452 1950
4243 4649
159 3452
44 471
3856 3803
2867 1112
625 2849
2841 180
1427 3050
302 4059
3130 2077
1261 1651
3898 3847
2608 4674
3018 5128
1212 5336
3593 4581
80 1194
4128 200
700 2356
1823 1947
955 1319
840 2202
3192 2743
562 3924
617 2321
1761 3176
2964 4415
2694 4235
4071 3415
433 3167
4102 1382
813 3081
326 3911
1044 2750
516 3544
4598 4177
1542 2107
4498 594
4073 2454
134 4041
4871 1292
2310 4490
1437 4081
1313 4068
233 3058
1762 1538
2297 1666
2861 247
4087 3726
728 4563
1856 4297
4695 2505
557 560
2638 870
4053 3428
4515 4186
315 3631
1518 5261
811 4735
2761 1447
2245 4648
3905 5173
734 404
1932 2035
2378 3108
4465 4846
1711 2220
74 1154
2698 3633
4877 1919
1847 3721
500 731
5292 872
3834 1215
4272 3566
5241 3292
706 1111
5077 4586
3973 125
3177 2868
789 1645
99 3620
2249 779
1764 5335
201 1351
807 1350
37 2130
3157 3863
3476 1958
5097 1182
2522 3494
4541 3329
1644 3439
1182 3239
3340 2266
206 1601
3291 1094
488 1715
4316 5054
2710 1582
666 5214
3083 2459
1708 120
62 4256
439 2010
4061 243
5176 1541
1758 2886
301 4436
4310 3179
3242 2470
2406 5043
4691 2435
3534 2630
4151 4758
2868 3131
1181 372
5391 1665
5089 1150
4635 780
4772 3238
1031 754
582 5007
4926 4378
1744 1984
1682 5310
3067 1175
5387 1853
83 2013
3686 186
1607 2391
3033 161
708 3839
5359 2650
2744 2372
1214 2581
4511 1733
5085 3200
1701 3365
2357 3912
5124 1450
2276 4517
3112 4277
3151 150
56 2664
37 2090
2323 3969
237 2285
1288 2484
4825 4267
4518 1536
3006 2143
460 3892
2422 1969
5167 1237
1793 2030
2522 1107
517 971
1837 474
1288 672
2949 3072
3444 1509
4461 2042
1655 1479
3822 543
4872 1000
3796 4120
3563 190
3256 3561
4350 3138
3074 3846
2632 4161
4148 2685
4082 5059
3477 4149
5393 3219
1821 1730
4351 4874
4557 3338
3198 1543
3703 4971
4222 4321
2759 1707
3517 2692
2925 2229
1845 5052
1255 933
5085 2427
3004 3528
365 2218
4993 5251
1527 4215
3746 2679
5414 4244
460 4724
503 3626
2720 480
443 4639
3330 1949
1457 1170
78 1491
4 4050
201 3230
5021 4191
2287 574
5347 1746
1698 4592
4238 1323
2052 3357
2899 2082
1404 3227
4201 2239
2275 752
3265 2935
1833 4740
4830 3217
2110 4339
405 84
3172 1019
5259 1783
267 4546
3557 4089
3659 1459
4896 477
1234 5433
3239 1038
1301 1632
3682 1136
4707 383
3586 3467
4798 714
663 3043
206 1245
757 4588
2208 2012
918 2204
4190 4011
4782 902
3265 1828
4457 225
1243 2212
2025 5177
1878 4940
4491 3696
1437 1946
588 5081
1049 3489
4114 5039
805 5045
2129 3923
1369 5031
4657 2299
4098 3714
2942 3799
4933 4020
3495 4101
1200 5159
2606 602
2735 3384
3794 3523
278 3389
1750 417
4812 1752
4804 1277
4394 4659
3997 2889
4771 1968
2250 1297
5042 628
3537 3350
2693 1942
4492 770
773 838
4828 5092
2327 2510
4536 5322
1134 2373
1884 2665
2073 4418
572 1144
4396 1091
2478 3437
5286 5150
2914 2656
1451 2994
1606 371
7 1859
4540 3955
3227 3354
3471 3460
4432 1262
2341 3328
946 4597
711 4209
2816 2699
4251 2381
1028 545
4890 5280
57 3961
4721 2968
1946 3053
2064 5370
2723 3558
1065 2939
545 3408
4584 896
2900 956
535 3535
5049 4849
1887 1124
4299 2557
4795 4302
3616 4840
5360 2247
2425 2027
789 426
3245 1951
2436 3015
2027 5325
432 901
4676 3841
4253 777
1234 2756
3188 348
3393 467
4817 521
4155 1560
2554 1260
492 4216
3913 113
6 3677
1835 768
2839 4637
4741 3942
3290 4075
3313 5267
4631 5423
775 3284
4031 5270
145 5402
297 3850
1909 1854
2812 4626
3692 846
1686 2724
1855 1013
1731 2326
443 5254
3726 3596
1074 1813
3564 5230
2518 3005
2763 2303
2350 5208
4389 3283
3723 410
2908 3756
2982 2324
493 23
230 3941
2351 196
1401 1539
3879 4688
2203 4713
434 4356
2564 3116
2446 2363
4037 3222
4510 2132
4512 4407
1860 2369
4122 3572
589 2190
3889 4558
5168 592
2919 2584
4040 4839
592 2401
4664 2844
3048 1857
3393 2562
2633 5327
1846 1705
3458 106
1420 656
869 3970
773 5012
235 2429
4217 3438
3120 1190
4068 3411
1958 1165
1079 2235
4997 4456
476 5086
2624 2083
1497 285
5367 2961
1773 1603
3494 1430
107 3320
1125 635
1187 3980
249 4662
477 4754
2382 4826
5142 3257
396 271
3405 4952
1928 4806
3353 2284
2049 4622
3831 4163
129 2855
3204 4116
206 5141
2496 2991
1255 2595
1445 2081
4589 1432
4105 524
3676 15
1107 4422
1984 2705
326 1812
4902 3649
2458 4873
3483 1510
3718 1849
1656 686
3627 1653
4819 2904
2595 428
1132 2409
506 2307
3499 610
1039 5295
4025 4686
911 2691
1198 1720
4978 1046
2114 1766
96 3772
1608 2056
3132 4406
4966 4038
1692 1797
3040 4506
517 429
1836 4860
1275 2473
768 3529
794 1712
1983 702
1829 2139
106 1568
2773 1357
413 1562
3482 3962
1699 2684
1088 4938
1746 2575
4985 1953
2877 906
5281 1982
708 3921
3181 3624
2315 2930
4581 3650
1410 2652
5265 987
819 528
4115 551
4064 4638
1985 873
2713 408
25 1723
4834 2733
1549 1485
4697 959
4449 3808
4016 1316
369 5406
1865 1025
2986 806
3638 1687
1988 1843
4876 1561
4485 4127
359 1763
3778 4756
682 4663
189 5341
1411 499
3520 4606
4886 4553
3370 3122
3343 1495
704 3186
4611 4229
219 5274
1694 926
3 2714
4731 2021
446 2837
3152 2976
1971 2567
4070 2044
1520 4644
1188 1075
2534 4963
2887 3977
1390 2213
4489 3336
590 4800
2910 1205
2988 3657
3695 3901
1404 5443
1787 3360
1110 1202
110 4371
3387 1530
3340 3618
1370 3661
1575 138
2920 3182
3207 4552
407 4570
3087 3379
2803 444
1499 976
744 2398
2646 3331
658 142
2525 2342
5068 1041
970 4437
1689 660
3083 5112
4512 483
3254 1617
1710 2456
4302 3104
1780 66
4002 2967
637 378
3541 119
571 1505
2092 1361
1306 158
2858 3777
611 2851
2107 2494
438 311
2415 3288
1173 1386
774 4681
3997 3582
4174 1590
3895 2843
4784 4419
930 1719
1214 664
2955 59
1470 5238
4238 2999
4175 3527
2823 4574
634 2410
5270 1140
1698 3810
1006 1421
5064 1713
4568 3842
3494 24
1691 5117
731 4135
151 4605
323 5337
472 929
3377 5264
1103 4090
3231 5161
3175 2464
3123 2604
5185 4079
836 2668
3308 3055
1738 3051
1416 1778
83 1250
1160 3665
5200 827
5378 3195
301 1480
1574 5379
580 61
3106 1109
443 2167
5226 5160
2850 2325
571 2768
781 837
2497 2680
1630 2103
1046 2661
3330 3417
1518 2487
1999 4108
2913 966
2852 2079
4516 1002
275 3023
1872 3781
4747 3512
