9861
6777 3926
6777 418
3926 9544
418 9789
9789 7348
9544 3901
3926 6507
6507 7644
418 1445
418 107
6507 6537
9789 6248
9544 2704
3901 4970
107 9294
1445 4138
4138 1603
3901 2146
6248 8557
7348 8096
3901 5148
8096 3293
2146 9302
8557 1881
9302 4197
9789 6281
1603 3203
2704 2017
6507 1247
1247 7401
3203 7771
4197 9140
3293 2559
1247 2799
1603 1135
1881 558
107 4029
3293 3076
7771 507
1445 5270
2704 1268
4138 8870
3926 5844
558 165
418 7403
5844 708
1603 5878
3203 6812
1268 9436
3901 4163
9544 87
3293 6840
8557 2616
3293 6296
6537 8829
2559 2474
165 5941
7644 9157
8096 2996
5270 5438
8096 7198
5148 4645
1247 7730
708 5141
3901 2803
2704 3016
4138 2491
4970 3115
2704 7933
9789 3455
5878 679
6812 5439
4970 4309
2996 4816
2146 6665
2799 3603
3901 3322
7403 6154
2799 681
2017 4285
2017 1303
6248 9016
7198 7645
4285 3161
2704 3738
4285 5355
3293 7304
9157 1416
2474 9510
9294 6565
7348 9027
5844 4795
5844 901
4197 3005
5438 7224
2803 4017
6565 345
107 6103
1303 8268
5844 226
679 8173
9016 4714
1135 1138
1247 8591
1135 8007
1268 5972
418 6575
3076 9742
5941 9397
2996 6583
8591 2232
4197 132
2491 5838
5270 2535
5878 1867
6103 1832
9157 2973
9294 2888
9436 436
3926 326
6777 6196
8173 927
6583 1121
7224 1343
1881 4160
5355 8089
6665 6142
1603 5476
3293 5169
2888 9128
1867 3305
9742 6551
3322 4232
8268 6019
5148 2349
6103 7728
2535 3039
3039 8902
6507 6631
3901 3896
6583 9561
7645 5996
6812 2034
4816 9655
4232 4374
6142 3361
901 6329
681 4841
9140 6354
9510 5254
2232 3818
1603 9856
107 1207
5878 7729
6551 1982
8173 4820
3926 3011
9128 4475
3039 5258
2803 4093
2491 2461
7728 8641
6103 2815
5476 8863
4374 1078
6537 2511
9655 1840
1247 8562
6196 968
4138 4991
1343 8394
1121 3940
4138 862
6551 1798
4309 4084
4816 7310
2034 9630
5258 6755
6142 4604
1416 6635
8268 3101
7403 9098
6665 623
9128 6604
1982 2231
1832 7712
4816 3906
1135 5705
2461 1169
9140 8672
2973 2169
4232 5551
4197 4426
6665 9442
4970 6846
9561 5336
862 5685
6777 8640
9157 7617
3005 6394
2704 5450
6583 5593
7644 5397
7617 7966
5169 1739
558 9375
1121 671
9442 1524
4475 4811
2232 3141
7617 1410
1982 4732
968 1727
5258 7682
9742 6486
2034 1077
9027 3698
4160 7567
8268 5655
862 2325
8557 9704
6103 2164
6846 2193
5844 7182
6142 8142
2803 5798
9655 1035
226 4046
1832 3212
8641 768
2325 9446
418 2334
107 1763
6755 9746
2232 8645
5844 6099
4795 5905
6755 1625
3161 7349
7682 7412
5593 3382
6103 6511
1207 5183
2146 2048
7412 7974
6142 4183
3005 2538
3212 7253
1410 6526
8640 1609
1603 8850
968 6012
5148 7742
5551 380
1832 1417
6012 5547
4970 9031
7253 2750
5439 2245
9027 5424
4426 3879
5438 9580
5258 6941
2164 8216
5424 7375
9294 2280
165 2643
507 369
7198 8184
4163 7592
9436 5881
5547 7656
2164 8565
6941 6578
8268 3787
5547 2406
8184 1517
7742 8947
6154 1569
7682 3660
4604 7921
7401 3372
9544 9298
2538 2899
1445 9082
1303 8138
7401 2802
7592 7180
9442 9813
4232 6217
1840 1436
8640 9240
7645 4100
1077 4212
5655 5862
4820 265
6777 2356
6019 3474
6486 2330
2474 9383
9298 3063
1303 1043
1609 2528
8089 1378
1035 4598
3305 4364
2349 7998
6507 4391
1138 810
4309 4758
4029 1114
2334 7283
5169 2927
2927 8023
1603 2316
2164 5961
9655 221
4285 1487
5438 5784
3115 9660
5972 2344
708 9745
9157 9434
6329 2587
6583 5736
6154 6987
679 5521
2330 9641
5838 6727
3698 1806
1609 637
5881 5879
6777 5227
3039 8189
4598 1493
9157 6642
5169 7504
8394 5251
768 4013
2528 5364
4183 9841
7645 4387
7966 8069
6575 9379
9294 6327
1493 1943
9375 3089
3076 8398
345 7935
5784 9084
2996 5481
6154 5753
968 4868
1739 446
8870 464
4138 1707
2330 6591
4816 1458
1982 5901
5972 7250
7935 9067
345 1085
9510 9368
6565 1947
6777 8319
87 195
5862 5695
7403 7455
5148 9698
9813 3783
5551 5446
2643 8078
5685 6314
1043 4245
4197 7883
4604 3856
2511 3463
6987 3049
2316 6702
3856 1062
6537 9640
507 4368
3115 2621
9128 1396
9746 6059
7455 7675
4013 5911
1135 8638
4100 7118
1207 5915
7403 6289
4309 9415
1343 7857
3660 3979
5148 7832
3783 7651
7250 1489
1121 4030
2316 7363
2973 2419
3940 1723
4391 1148
9561 9033
5251 3892
968 439
8850 7225
7349 1285
5941 4378
5685 7417
8562 1641
6012 4729
4820 5279
6578 4200
1458 8636
3603 9582
4100 565
6019 9503
3901 736
5798 4184
9098 2987
3161 9708
9746 3779
2815 9073
8173 3461
1303 357
1378 516
2799 8791
7349 6948
637 6377
7225 1869
2316 785
1947 6934
1445 6859
3698 28
9240 5866
7966 7456
1114 4784
3856 5869
1739 6100
9294 7400
9397 1288
4475 4059
87 7039
3361 2829
6987 7443
6012 4149
1569 9634
1609 341
2169 4945
5397 8390
2616 8197
9745 7108
2461 1407
4364 1305
9813 9019
2528 6669
4364 2063
4645 818
2474 6782
785 804
2815 2606
6486 9787
2704 130
2232 1972
7504 3387
4758 4693
1085 3935
4868 9790
5941 8605
7651 6197
4029 4935
5866 2826
4598 9246
1798 9811
1625 6540
9746 1381
4084 1098
7225 3653
2232 7605
4841 2391
4598 7904
4970 4266
9379 4104
2419 7634
9033 1666
7310 7169
3660 2409
8672 5806
436 6304
1169 3510
6304 30
3089 7559
5911 4810
6511 8230
7592 5361
3926 2765
818 7523
7921 5403
1739 5433
9561 1962
5551 6393
5355 2006
1763 6905
2409 5508
7412 3549
4093 985
8605 1245
3293 426
6486 7938
4714 485
7645 3916
7832 364
9016 7216
4816 7593
3039 3335
4245 5491
4816 4954
2750 7562
9510 6129
3698 5515
4013 1704
7412 5815
4378 2244
9630 4472
4714 1163
9098 6266
5996 7009
2802 1409
1407 5329
7617 3651
736 9577
326 1283
3322 1660
4013 6614
3455 6836
2245 696
2815 8307
9544 338
5329 6321
7675 5842
2474 5751
3141 1507
3901 4618
9746 8998
6702 310
1487 8440
6154 437
9446 9749
6329 2395
369 9674
4604 5351
2528 8066
7363 8300
5695 7367
7349 1475
5862 2624
9379 2158
107 4998
8300 7017
7966 9196
637 935
2164 3972
2624 2425
8947 9401
5270 1992
3738 1059
2245 3562
7039 1013
1436 8814
7605 6899
2325 1751
1303 317
418 8352
4138 7689
8307 6890
3651 296
4100 8015
565 3550
1169 7758
6941 7624
5397 878
369 9373
3335 3128
4387 8877
5364 1353
1285 4254
7593 5546
9660 2219
4693 3143
2280 3164
5361 4352
8197 8128
5784 2630
1603 6292
6377 2984
1723 5919
265 5219
3979 3900
3005 4001
2048 2970
2996 9334
8015 192
4138 4916
1660 7723
3901 62
7656 3666
6575 8805
4935 5981
226 5473
426 2294
7938 5342
2406 6073
7634 6653
1416 9048
5798 9769
6727 6336
1268 6270
2316 7476
7417 6597
7742 393
1062 4326
5141 3298
5439 5840
3128 6461
810 2095
7108 4273
9503 3120
9397 8412
4212 1486
8636 1575
7400 5520
7216 7040
1625 6999
3293 5273
165 6894
2356 9139
1625 3849
3161 5352
5840 5469
1135 8771
2419 7609
5403 4563
8352 3752
5439 3576
1798 3853
4991 3001
2294 1688
2587 3697
6631 8682
5361 8072
927 7667
7039 6813
4784 626
1707 9283
7728 8861
9544 9472
1135 8478
2231 4433
1881 3893
9813 854
5473 6521
2461 4994
1148 3139
3651 5440
338 8779
2984 7612
5433 65
4604 813
4433 8183
6217 1885
9033 460
3382 4241
3049 8323
5440 5986
3779 8992
2621 1565
4352 8994
1569 9217
3972 6978
2973 7262
6702 8376
1885 4441
9769 4813
2419 9152
6669 3843
4273 8705
3818 1795
4273 6263
558 4709
7645 5530
9577 2387
3843 3963
9033 8036
345 5587
2325 6744
1707 2105
5981 1529
6846 2442
4811 6049
9298 6719
4841 7433
8562 7288
3549 1476
2419 4534
2219 1866
3926 8538
6635 6581
5866 5808
3562 3665
626 5809
5219 6555
7180 2477
6197 4223
1138 9425
436 3395
5587 6979
9033 8789
7921 5255
7723 9342
1285 1020
785 2044
3549 1376
7225 9179
8902 2390
9373 4278
4160 181
1806 4814
9084 6104
4998 5948
2330 8378
2280 417
2803 7551
1098 9015
3101 8460
1035 4607
8216 8349
2105 8898
5183 9332
8998 4101
623 2182
130 23
6292 5094
8268 1084
1303 7672
4604 5694
5397 7472
2244 6685
4709 3878
7742 8730
6100 5584
5806 22
1409 445
8307 4206
1707 7079
558 9654
5424 2112
7612 4937
5279 2084
5450 9432
3900 6054
2474 1154
3892 2617
5961 9843
8771 856
6296 6480
2750 8649
7417 3618
7250 1390
1487 6821
6100 7694
8183 7061
4758 704
6665 5155
8394 5630
1268 4417
418 2309
1043 7775
9240 2909
810 2357
2616 7673
2535 8339
6393 9575
9157 7155
1565 990
3382 9451
2815 366
3901 2712
681 5214
2095 1325
1575 9724
4183 2140
6894 4774
7349 4759
9811 5434
6583 820
3115 767
8398 3280
856 6533
338 5
8069 2
6329 837
6551 7724
393 8475
1751 4899
7667 8417
6304 2472
4030 4939
6583 5790
8128 405
7712 3592
6486 9162
9139 3679
9283 1189
6533 5236
4030 8617
3128 4422
3011 2183
4618 5995
9704 6647
9084 6333
9640 8275
3322 375
7857 7949
7216 8203
1489 237
7935 5825
6635 5932
1445 9729
5919 9268
3001 2488
6581 2133
4206 615
7592 1246
7476 4986
5911 881
8562 1868
7559 8251
5270 6011
7723 2936
1343 4314
5655 5801
3603 2444
6304 3066
6744 9433
3666 5827
9634 339
1947 3190
6614 2971
8142 747
1169 6708
6327 3079
6270 3481
2984 4890
9139 9168
9073 9133
1798 1805
2034 66
9073 7090
3562 8768
1476 857
6777 9595
4254 8622
5844 5853
1417 5420
1207 4211
3935 6088
1303 5613
1085 8497
8994 8684
345 4738
9019 6834
9811 2479
9433 554
6999 4711
7656 6648
878 972
623 3033
4441 9512
2334 5921
5342 7978
8640 4402
9472 1682
9446 5777
6905 6915
5169 824
4245 689
7523 8573
9016 6120
3280 6645
3203 5478
4160 8511
237 3475
6840 5811
3128 4918
7634 7815
4534 1236
6836 7434
2528 4371
9152 521
9425 5294
5355 3945
7039 3472
5995 7881
4093 2810
9019 7626
1972 7706
7998 4319
5879 3194
8771 4982
3298 3142
1575 4538
5911 7030
6354 2497
3212 2685
4093 2237
2219 2039
2034 2431
9016 2273
9512 2905
7644 3751
6934 5728
6088 6760
3361 1244
6281 2974
8183 3873
6217 4533
5808 2824
1135 4867
2528 5061
1476 6113
4954 9410
6049 5040
7626 5907
6049 7859
7728 299
8475 5103
1416 1927
3873 2424
8622 1233
7030 6002
5808 3172
4991 6538
9048 2242
7443 7946
7966 4332
2477 5882
1246 4990
1245 2235
5907 3505
1059 1562
1436 1083
5361 6305
4475 6687
6894 1438
4604 4377
5869 9039
1982 5407
9742 2180
2630 8219
6708 3082
5148 9317
3893 302
9575 1446
5584 5942
3139 8788
7832 8247
8352 4484
7310 2789
3843 4951
2829 899
6486 606
6292 9826
3592 4208
9582 7628
5869 7701
226 3685
5801 9500
8998 7314
4212 6164
1169 6435
4738 4410
5911 7308
8275 287
3685 4089
6164 8849
5227 9119
7730 7302
2461 2507
7938 3502
6461 3483
7017 7327
6905 7981
2750 455
9500 6125
6687 6854
2528 2759
2905 4551
1625 4248
9246 25
7302 3180
1524 8313
7656 5532
8636 7571
3382 3107
6890 4930
4868 7716
8789 8857
9048 6806
5901 19
837 1959
4266 9576
1575 6245
8275 3681
6537 7300
9157 1503
5866 908
2294 956
3483 6543
2984 3865
2765 9784
3172 5701
1247 8984
2105 3261
2309 3624
2 6606
7367 8273
2765 3794
7118 7947
5407 4238
6575 9289
3502 1767
704 406
1062 3693
2973 3331
5613 1496
1246 2175
3893 7085
2231 313
4084 2338
393 9037
2587 5298
820 7193
9704 110
9843 590
9168 1698
3906 1932
446 4564
6777 3882
3896 6272
3697 72
679 3872
2511 3927
4916 8175
1436 1600
2182 1419
2325 4315
2356 3862
4563 9195
908 9281
1943 2286
3082 8039
7857 1819
2802 6988
7998 3226
9580 4586
5827 1635
7085 6864
1798 8604
2169 6838
426 994
7216 207
1707 6861
4814 2562
7933 5319
4841 6611
9433 4147
2474 8657
3751 8172
8203 2735
2888 3409
6614 930
6604 8914
4160 4683
1751 2122
1575 8621
2095 95
4564 1096
7981 4416
5942 4424
3681 3735
4935 2038
7742 7313
1972 8044
9640 4824
8275 4749
110 2910
3853 7450
406 8917
7450 4293
681 8
4147 3037
2395 2549
6329 1892
2158 4797
2242 3271
341 4920
5587 2225
4410 4961
5685 5610
985 3908
3651 9541
6760 2566
3387 7380
8044 4070
9294 9236
9236 3560
9433 490
5329 1577
1507 2989
7108 9292
1098 2638
9098 5049
3001 3041
2643 3998
287 5665
5784 3410
7815 1705
23 2891
5986 2723
6327 8909
2474 3440
6073 9260
6314 8752
9119 2123
1767 7235
5919 9225
4089 2366
4714 423
5352 1294
5521 3265
8829 2641
2606 9473
2169 7853
5049 6873
1524 279
3139 2126
5942 6465
490 4179
8622 4312
3963 3219
9745 1703
9246 2699
9746 7050
4200 6888
8273 1608
3963 7794
4293 125
7401 8209
8349 8758
4312 5886
5478 3976
1059 3486
7450 3949
6979 3523
4046 4669
8440 6789
30 2142
2549 6619
4563 5992
9073 5110
623 1128
7403 8294
1246 3147
7253 8951
1819 6871
7673 88
5996 3541
4424 5686
681 3429
9019 4360
5148 7296
417 1528
736 363
5981 8414
2225 5382
4795 6762
7758 8710
1446 8607
1698 2691
2987 342
7380 2363
3001 6741
4211 2672
3472 3114
6578 5565
1128 2487
3735 3276
6619 3343
5809 9371
5155 592
2712 6522
7723 7498
5941 6133
1343 6783
2624 3501
5901 3852
5694 3438
3194 7132
5866 2963
6777 2965
130 172
7859 2553
6120 6972
5932 5558
9749 2742
8216 1329
6941 6640
2183 5527
279 5672
1959 8252
5169 1003
9473 781
908 4617
6854 9569
2974 8196
4374 9175
1751 9428
1517 9091
9268 2320
3115 5938
5279 2464
7904 3830
8390 8824
9371 3191
4533 4429
6565 833
7712 7761
6665 686
1407 4940
5214 4117
1517 795
1608 1523
2802 8939
406 2654
968 5846
9729 4107
558 9831
3139 9178
2242 1878
4824 1021
4945 1359
5061 7024
5921 2531
2366 9070
6551 8866
4711 8541
4163 7205
2472 2659
6834 1205
5938 8357
4598 748
3005 8894
6591 2272
5808 4482
2531 6378
3063 3258
7675 1912
3219 6091
2606 2741
7314 4736
1625 6246
8352 8185
935 2751
226 3817
5329 7364
4059 3124
195 5599
6915 7020
6640 9599
2044 7493
9432 3156
7235 4310
7571 3383
1727 6654
6555 1030
4017 1275
5879 3683
4377 3694
5981 5136
5846 5555
8909 5059
7224 3045
2963 9102
5141 9350
1043 8115
3141 1568
6465 1915
3331 6076
3143 4394
9742 8017
5610 8529
6263 7158
5981 4528
6836 8786
8044 7529
4732 7358
9577 1183
375 4737
6113 5012
2123 5490
9561 9511
1881 8242
9236 7805
2444 6188
5214 1732
22 3229
2810 3136
5886 468
4669 2854
6002 7078
1096 1033
406 1420
455 8223
4945 9644
192 4858
1569 4629
4378 5133
5 2462
8203 97
7009 8750
3735 3154
8007 7865
7327 4478
9246 1075
5446 3548
4017 933
2735 230
7626 4558
6196 7919
3693 2979
4371 5887
1698 717
2479 9088
3935 83
3916 7000
1927 3810
3382 7086
5355 1815
5844 5819
3120 8034
6565 2667
2984 6867
7086 4300
686 6219
6011 5980
6526 5353
9769 8919
3666 5732
9831 2998
4709 6508
5694 5360
1436 7841
4433 2594
8992 2642
7504 9839
5236 1880
4598 847
6978 7988
2538 8134
5336 817
3115 4338
9152 4231
1121 7503
8223 1194
9019 9815
1325 8032
6188 5500
3045 3051
7729 1422
8300 9568
8390 3445
7609 1784
5907 6886
3562 3944
9098 7350
2826 7258
9016 4656
5476 3959
2406 543
6394 1683
8541 9770
9033 2292
7443 1599
7283 2229
181 1607
7978 8996
4273 588
2963 1681
4954 7719
4749 2475
6838 7722
3120 2760
2123 7492
8183 9263
6867 5007
5869 1447
8636 9344
7349 3754
4858 2747
5986 8602
3892 5898
8870 4865
5407 7184
4100 5720
28 3888
6327 8000
4117 5755
747 9233
5491 8555
3501 2480
5403 851
3735 5314
6631 9138
1236 9617
4273 6749
3089 3003
9434 3513
7455 9535
6099 5634
1169 5166
3156 1614
3653 2404
7966 9536
847 4767
1325 648
2273 2421
3935 801
4813 7950
8657 1137
341 2285
2691 9474
3603 2622
317 8282
3409 8845
7182 522
1114 3155
1390 5354
7978 8360
8219 3721
5407 7333
9660 5645
3502 15
7712 7814
8758 4471
7155 3436
8000 3358
5634 6566
9433 1663
5546 7995
3862 8279
5527 7760
5887 6823
6321 5322
7288 404
6049 2675
2424 1554
9195 4334
4293 3914
8069 9502
6296 8137
7609 7691
9371 5022
3879 4003
8096 4733
3429 7305
4309 9534
1043 7212
6654 1095
3862 8601
2084 8122
9442 4526
4867 8921
5705 234
6861 5602
6702 3881
6354 6095
817 5054
7559 1627
5007 861
1608 5845
2142 2748
7904 7391
9569 5971
4961 3964
5751 8476
8562 2440
837 8166
4424 1594
7155 809
2643 7720
3191 4743
3963 3388
8992 7254
2909 7620
7020 7045
1085 3942
9749 5722
3651 9324
4533 8878
4377 5929
6702 7297
326 7486
5587 7600
9140 9709
7212 4152
6755 7150
1075 1948
8710 331
9128 4756
9140 307
3653 7802
4183 3145
1283 1392
5515 7073
9178 7326
7567 5653
4629 3181
2419 8149
3949 8895
5469 8702
5932 9123
7730 1326
8789 1717
6972 5010
4334 8479
8323 5416
2971 1279
3926 8930
5329 1240
6263 6180
3862 2786
5169 7055
6329 1061
8282 1571
6393 4799
1867 444
6575 947
1169 6695
265 373
1279 3776
4232 8980
8511 8241
7600 7263
7651 5114
5720 4521
6281 4541
1608 1278
8684 5124
857 9564
565 9017
2750 9188
6091 6706
4994 5946
1062 6298
6049 7004
704 4817
6508 5897
7592 9504
3089 9590
7358 8368
339 5129
6099 7057
9511 9272
8996 9319
717 9629
847 8073
4309 2698
7450 5014
1805 135
8197 631
1819 1266
5866 2778
4293 1821
1084 9364
930 1979
3483 629
436 1374
5905 7943
3964 322
8649 4385
3335 2217
968 8158
8657 7543
3964 9478
4030 1434
2497 5451
4890 7631
7881 8929
5547 5367
878 6842
8779 3583
3445 7013
4732 5945
7605 9228
3045 9776
8323 2010
5932 3999
8172 292
2970 6769
8849 90
6854 4907
9473 3467
9580 6500
5932 3234
4441 9772
9590 2856
5790 9858
326 6629
5166 1174
5630 1897
9535 698
6104 8595
322 6722
4669 4476
3681 9748
6073 383
681 8803
5645 2148
2979 1729
2425 582
8273 6023
4426 9134
3395 9684
6188 3757
62 8156
6783 8703
9371 7578
9474 9142
8947 5309
994 5266
1095 3306
3893 9668
9228 4688
5980 7916
6526 1123
4293 2940
1784 2401
5961 8721
6789 6563
8703 2912
7624 6990
4149 8905
9434 5567
9162 7174
5980 7473
4476 7997
5886 1752
3429 3340
2084 185
1897 6628
1062 559
5530 3498
3180 7188
4197 8545
8984 9244
2146 4198
5672 8515
4101 6784
464 4967
226 5108
5059 6879
4564 5836
1353 5925
7675 2318
8557 4384
7933 6919
3666 4624
1627 4684
4231 9068
8066 5409
7529 9418
2286 7836
4629 2655
3322 6908
5361 6385
2856 9732
5811 4135
3388 2514
1043 8517
1278 6924
6846 4794
65 9447
4794 2561
5214 1853
4797 6776
5403 1722
6133 5760
9152 3913
4732 4746
9742 8823
8183 2083
1594 349
4858 2099
5 4627
349 6940
1043 7447
1154 2991
5827 1801
2425 6754
9447 2779
8824 4959
5354 6585
1947 4263
6687 8751
2747 7303
8275 89
5610 5754
5251 8283
5602 6126
9371 9758
1503 8399
6073 3834
9344 5737
6899 6750
2905 1823
4107 1990
6393 5855
4364 2376
1705 5506
7308 9714
1867 9670
89 3487
3051 2254
1446 887
8573 3301
1059 7021
3306 5704
3361 7114
9544 3355
3475 8130
3305 5557
6578 8141
83 8918
5014 7721
2244 8101
6871 9014
2553 7119
9732 5384
7950 4744
4868 1132
7417 8022
9425 4409
1326 8888
185 6571
7375 6968
4334 6778
2148 9155
5653 6252
1329 3464
4231 3515
2856 4052
8000 5053
5777 3187
878 7255
7455 5624
9629 4529
3410 1090
2965 1120
7626 5734
341 6376
4206 1150
1795 4269
4319 8744
6702 3939
3681 2746
5948 9177
5214 3777
3358 7309
2553 5839
7943 2111
2984 4467
2741 8735
6867 3700
7132 7791
9123 2258
6924 6056
4424 6616
4254 7828
1294 3351
3409 4363
6246 388
1075 5559
5491 4680
4017 7105
8779 691
7722 1971
7198 7269
9811 4397
7443 1797
3005 3263
1767 2857
5254 3137
6777 9362
3700 3727
5599 1914
7039 5284
6840 1429
4179 1909
4970 8589
9769 2808
9281 6276
5593 616
7400 1605
2765 8798
2254 1592
3234 2351
2387 6198
9510 9762
8323 4177
1878 2282
5808 1976
7169 4078
6777 1473
8185 8342
3603 3469
1990 3311
6011 2631
9698 5726
7304 4455
2464 4092
8545 3580
9813 2539
2979 3242
8980 8472
6321 984
3810 7127
8368 7384
1608 6804
3051 5400
679 8842
5059 5571
7620 2227
4363 5225
857 294
7158 5238
9510 9193
9155 9146
1739 1854
8735 3255
4558 2836
8183 7128
4211 3451
9474 4025
4385 6143
4025 7151
5653 8508
2488 9645
7853 6068
83 4096
1096 8579
3853 7927
4528 4237
6606 1926
2987 2508
1194 5611
5790 8359
2824 5101
6583 5122
9225 7751
4397 8540
5808 5427
7174 960
1138 9322
6088 1809
3033 2152
1138 3774
6640 5228
7722 1301
6769 5757
7760 4114
4951 5661
226 9376
4564 8757
4733 3403
7836 8377
8750 4594
5887 6572
4059 8709
2856 2893
8241 8530
2404 1978
8196 2070
2461 6412
7995 2110
7132 8763
9162 6668
1823 630
4025 6066
6435 3328
4089 3269
2472 3086
8730 457
2779 8971
3776 9176
6054 5863
6934 6977
9272 9047
3474 7505
7114 3689
7505 4943
7730 3952
2479 8463
4476 667
6668 3588
8589 6291
3685 3957
3469 1106
5845 3532
3041 8662
5040 6025
2808 7999
9119 9097
4482 8689
3940 939
1739 9422
97 9367
4197 808
7946 8666
9289 2026
307 9513
5777 2353
7571 9650
767 5775
6011 2817
292 2494
8319 9615
1061 4953
5438 6288
2654 9374
6744 660
7722 7898
833 5092
1666 5374
4627 5582
125 9597
2655 9253
4352 6105
3331 7366
1436 1012
88 5173
4078 8080
9152 8174
4278 6852
3139 8693
2802 7175
6537 4172
817 1822
7720 9720
8377 340
543 92
5915 941
1609 9495
7689 3661
9772 3167
7593 3909
4377 5188
1641 5638
5844 4219
3843 5070
6054 7052
7859 2822
8538 9050
5869 5104
9373 7560
345 8588
1599 4615
4391 1521
3794 8533
2048 1572
6486 4984
6486 8799
8359 4717
7617 7899
7592 6739
9016 2042
2180 8290
1832 5441
1169 3746
4564 6038
3155 8465
7841 2230
7300 2289
4943 5436
8440 105
8349 4854
8465 4671
4117 5817
1194 6809
9082 5116
7505 5516
8158 9657
2699 4592
2824 6331
2334 4087
4160 5637
4746 3225
8803 7131
6750 7435
1275 8292
2822 7991
1607 3204
3487 1690
5901 8717
2122 5556
1707 2997
7302 3007
9580 3312
8909 8123
1752 8054
5355 6603
9140 4885
6934 1415
4472 8568
464 5892
4970 5462
2280 9844
6197 2758
8036 3332
3051 8977
4441 2728
4680 7272
4309 1975
4172 1016
5500 3214
393 6316
165 9468
9674 6374
5219 2003
6068 2293
4101 3034
9047 143
1353 2058
4315 359
5919 6283
2642 1076
7949 6691
313 986
7802 4136
1607 8677
7272 9215
4114 1812
8689 1689
7562 3207
6068 6715
2822 1100
7078 2029
927 2736
1703 3448
7706 5402
9319 4045
8636 6008
5571 5597
1625 4987
9371 526
5705 7038
3331 7869
2561 723
3145 3500
4208 1619
679 2074
7523 5480
8930 2015
3234 7845
5882 2274
1268 5652
23 1655
2105 9052
1690 9081
5972 4779
287 7164
1990 3318
9225 902
3779 8661
4749 7688
1523 2197
8156 3189
8023 6034
5136 8325
2741 5904
1288 1351
9434 6407
2244 9296
5879 869
4592 8556
7288 1092
7869 5493
933 519
9037 8910
2973 6650
6480 3850
1326 4392
5760 8915
8054 238
8360 8182
2330 8109
7974 3663
3161 3846
5582 2509
1268 8129
8930 5388
3082 5305
4310 158
8166 5651
3269 1052
313 9812
2641 4603
1577 9248
8300 5598
1562 7601
4471 9032
6784 1225
7349 3835
5565 3530
4208 2265
2376 3703
5915 194
5842 8520
9844 1261
2654 6800
8622 8941
3464 3065
9248 6018
8196 5281
4994 4454
3752 8960
6305 815
6668 1513
4319 1967
5420 7931
7805 447
1992 657
1189 1544
2366 2385
4841 4469
2475 2983
9298 2653
3467 293
5777 1347
1174 297
1641 3925
7898 4674
3155 7541
6245 1395
2289 4437
972 4398
5351 9713
2318 5631
9119 4396
7078 7954
2475 4259
5440 3165
3474 9062
3856 4847
1077 3866
4868 9166
1689 4218
3550 6807
9432 2645
3548 3639
1948 2396
4319 3196
3592 6375
2698 4213
7164 5698
3906 6429
8941 8011
5582 239
6329 6554
1635 3597
7716 5315
7761 7765
1392 3778
516 1617
4332 98
5136 7749
8992 7147
2122 2609
1614 6206
6095 8322
1347 3317
2026 5263
9344 8005
1266 7023
5521 4839
4314 3333
6103 1754
5281 8965
4092 5523
2480 7419
9668 8811
2514 9667
5825 8826
3618 5264
8910 1551
8034 9201
9123 288
7498 5894
3305 8742
1823 7792
9052 5121
7105 6357
8184 2944
194 2249
5353 1837
1881 8584
1353 1468
5236 8566
3666 4595
2799 8844
8798 9431
8359 5406
7609 8407
6571 6060
3597 2168
7297 8468
2857 5756
3234 429
8529 320
1106 9593
1819 9480
4025 3468
3139 4356
6321 4585
5929 9254
2655 1692
7523 1964
7045 8510
2509 3816
460 6579
5961 1862
1489 8488
3651 6707
4669 5002
801 7102
9254 6922
2168 6171
9784 2648
1625 4901
3810 6192
2488 7769
6219 6467
1033 7734
7938 2684
9379 6519
4541 3987
6526 604
2905 1209
1603 2990
3063 7481
5403 3235
5427 1902
8602 6651
5904 5642
5530 1184
1703 7043
6987 1263
6385 4466
7300 8459
1468 329
3190 5880
522 9465
5808 8885
4454 1426
3945 2937
8788 5538
7000 7930
4528 3379
8322 1640
2765 4740
4084 6464
7828 2441
8517 3649
5294 5802
3410 184
7529 6454
2325 4971
8173 5735
4564 4444
4238 8889
7023 9505
2799 9567
3778 796
143 2519
4029 1370
7024 7840
3003 4490
3976 4631
5315 4681
6025 8955
4107 5835
6019 2775
1233 1669
947 9147
2425 3413
8322 6223
7366 6532
2126 1537
2996 1989
4820 2679
8156 2177
1123 5743
1902 915
9062 6541
4971 9751
1594 9258
5342 4762
2325 3571
8640 4941
238 1156
1415 805
7505 7511
2158 4654
7734 6952
9655 5813
7656 314
7730 4339
7728 4712
7722 8206
7401 6320
2561 5713
3063 7640
9577 9339
5129 7987
6575 8067
1572 7406
1410 7783
5704 1158
856 8761
5251 9516
3063 593
7675 398
8768 9453
5722 5709
380 3103
5491 7533
3089 5457
7712 3615
8977 7746
83 8959
7272 6453
8757 3411
3142 7189
5148 3855
5751 1581
9428 6911
5911 4116
736 8819
4865 4037
4767 2215
314 3655
5948 3880
7543 6701
8761 6449
4309 7276
3387 3205
3306 701
5694 9114
4360 1382
6940 1235
6073 4667
1061 8224
3147 9398
7617 2030
1975 6963
8252 1586
6429 3579
437 2644
4684 2132
2133 5390
5777 4725
3681 5814
3852 906
4484 9161
2164 4496
4961 6829
7729 1803
1426 4367
1493 2968
5602 538
5921 788
230 4103
3358 1302
6614 2570
5921 4723
8005 1241
3865 3373
5352 7178
5384 9848
8390 1336
279 4249
5945 4042
9176 9029
5845 51
3196 742
455 5437
6579 2499
4817 9265
8417 9481
7899 5153
5433 9120
1429 6163
6834 3600
9073 261
6821 6505
1878 8330
158 5990
590 7444
5863 6275
8941 5024
7981 9523
8 3126
1607 1160
5808 5237
9442 9515
3694 7219
299 7979
4729 5201
2679 9340
857 6946
2030 8002
6223 2498
8219 7799
681 4359
2826 5475
8768 7482
4424 3572
8657 1250
1329 9094
4867 64
8557 7977
5040 7299
788 7129
5948 4877
8185 259
1021 6961
8562 9054
468 3744
5757 6364
2802 7416
3214 2064
2366 3072
6393 7604
6695 161
2667 5739
6631 3192
7023 4913
8172 4192
5905 3199
3700 3717
1619 1466
5638 6682
7090 2012
2152 9144
5661 7339
437 1664
9228 3425
3219 5805
1537 2492
7085 5396
5478 2096
1869 4514
5446 545
3727 2636
2289 4205
2242 3093
4266 1612
1862 69
9368 9251
5237 8943
5897 9407
2507 951
5825 3061
7691 8781
7694 1452
3372 6235
554 7608
7612 7072
4117 1414
8677 4292
2254 5285
8638 7697
856 9169
2015 5125
9468 1093
9425 744
4368 6916
1409 4599
5469 2033
9784 4382
3901 1876
2494 3393
6088 4679
9640 7008
7916 8421
3235 2361
6987 1418
7746 2445
4394 9053
7313 6022
3779 3397
8894 3725
7729 2011
4592 8979
3322 967
5500 7725
4592 7518
4471 4203
1236 4701
5921 3426
8189 4069
3914 4308
9322 8420
9272 9596
5440 8769
7600 7177
681 8966
6465 3315
2387 9756
9713 3456
1544 7130
4046 7659
8885 3417
8638 2657
4916 7483
1972 3490
7814 6966
1964 200
7269 141
7178 2895
660 3296
3196 2427
8717 3077
9032 776
322 7092
4114 7955
4868 937
5451 2067
3880 6955
6113 2212
3855 217
3963 3984
7004 6268
6465 9484
1052 1461
4484 463
9215 8335
7472 3814
8129 8077
3039 6613
7326 523
3265 9731
4599 6528
878 6024
8101 6003
2285 4889
2351 220
1976 7388
5441 3452
7004 5048
1663 9414
3787 1170
5555 9275
6354 6063
5736 4600
6288 5081
8412 9118
3328 9080
1486 2223
3530 8255
6296 3419
6581 1546
7775 4346
8702 9801
1303 4271
5355 4155
2789 358
288 9312
736 8886
6198 852
9615 3182
7836 6912
8857 7693
956 9186
2431 1025
2325 9829
3963 4775
4017 3074
5116 8453
4332 4447
3774 7113
7483 8135
7794 6124
5546 740
2356 4643
9123 8828
5942 3014
3862 7611
4617 7698
83 5132
4759 1332
9762 8043
6978 6085
9541 3561
4052 5089
8959 7423
6750 9566
5558 6463
2235 3614
2064 5140
3298 2150
4013 8308
8584 1899
98 3827
1414 871
4594 4958
2180 5498
4117 8490
4941 3593
7836 2138
1989 351
5285 7880
8604 6168
5886 9529
6778 2374
717 8164
1078 2604
2182 2625
4310 6146
2123 2938
7309 1713
1948 254
9147 865
5121 6767
9468 745
6522 7176
3515 7858
2026 6738
8459 1510
9398 8257
857 9018
8032 5415
984 7874
7493 4337
6364 1049
7188 1520
1447 541
4312 3682
4096 4506
4756 2572
1943 5033
4429 8599
5148 6962
4385 7429
87 5867
2401 5603
1666 3890
6025 7122
1729 3829
7997 2443
1418 210
445 8773
6719 6868
4212 5787
107 4098
5374 2774
3397 7962
7444 1916
5546 4091
686 1937
9544 2310
5148 7564
2572 9707
7656 9165
9657 8675
6412 227
7775 5348
9617 5072
4300 1898
2244 4830
5705 2805
8781 3967
9640 527
3817 478
5353 1309
1020 6761
7841 6207
1429 5792
1507 943
6012 1724
9186 4125
3343 8521
8357 9440
8515 1040
1723 1762
230 6079
2562 2890
5971 4383
8717 2181
1724 4721
847 1168
5104 1725
3502 2523
8149 1129
2648 5276
9082 204
6320 3480
616 5058
5929 8125
630 321
1705 8957
9789 7967
8517 548
234 2267
9446 8747
3189 4430
4310 9024
1461 6536
5054 3083
9641 1220
3571 5071
1683 8978
1862 5696
3639 9381
5403 5375
2594 4663
5506 6020
3079 9540
9217 923
7492 248
691 5152
7987 3260
9024 1307
2519 5903
671 253
8007 934
5457 2275
4899 198
5490 2897
6782 6050
8929 4968
9094 9574
8768 1260
2991 3918
1283 7842
8109 5097
3051 6236
6888 1870
2366 9805
161 2125
5547 2295
5049 2658
437 9836
8602 1038
2083 8937
3182 3921
1473 6128
4042 8549
5754 4728
3089 2785
937 6927
9292 8778
4160 6658
2829 6181
7024 8403
1390 7613
1915 7867
6538 284
6154 570
364 1788
429 4849
631 4355
3882 6074
8508 5939
398 8058
51 4301
69 4610
1076 9221
2230 4584
3850 4792
7719 9611
5270 4981
5844 1994
7302 2656
9091 9689
2122 6478
8349 2917
5897 6531
8939 1357
7021 9680
4398 5023
1663 5934
833 6391
9091 6017
5547 8926
8789 289
2015 9363
7447 153
3464 1478
3852 791
6769 4162
3034 4587
8089 5730
2655 6422
7024 7912
6192 8239
8273 3798
7730 2252
5638 2466
1948 6482
9168 8009
3003 3556
3440 44
1569 3109
9368 913
1040 5330
4424 7318
90 5463
5547 5868
331 6273
5722 2253
1493 9553
9505 4750
8115 3598
1374 4362
2679 1756
3089 3621
3913 3264
6536 7610
5367 8212
1878 2106
3107 4291
6927 6032
8682 2593
8158 5029
3426 3831
1725 5244
1183 8830
8158 6122
2561 9677
5996 11
8604 1765
2349 4191
5125 4131
3139 803
8101 7907
3530 1843
681 6137
4259 1686
3182 7635
5219 4752
1897 443
1992 8346
1129 3552
8223 4290
2685 4950
9080 7044
7529 6342
4671 3764
744 2680
3649 7545
2888 4412
7919 8211
1927 3259
9340 295
1003 6119
2643 2960
4643 2827
7729 5213
9414 5044
6465 9194
7155 7629
7503 611
7302 3858
2572 1330
5961 5123
3532 1638
8360 6632
5846 7747
4192 7159
4402 1411
1476 2448
4740 6225
9674 2969
5322 5075
5882 1519
2659 595
3258 6355
9751 9310
1207 3209
1551 7410
637 3024
5375 5786
4889 106
6521 9585
2316 7530
1682 8102
1581 9799
5336 7265
8149 5643
6744 8507
1381 9112
5463 2921
6133 9219
200 7984
1123 5359
1899 3237
1148 1702
4935 7239
7874 3824
4987 721
1751 7439
4607 9388
8979 1647
7742 6445
6095 2202
1586 3058
9114 520
9655 9439
7979 286
768 6630
4982 1545
7682 1204
6631 2069
1030 3554
4738 6029
9201 3983
1100 7109
972 4171
4385 5484
5348 4662
4212 6187
8529 1366
2497 5404
2645 4942
2282 6917
696 4894
7400 976
2148 3015
4384 7905
7177 6534
8138 9546
4098 4682
3276 1884
7114 4757
9644 7154
125 6577
3779 8076
1703 3619
7263 7623
2593 3525
2587 6324
4135 1613
2897 1000
6603 4498
3413 1509
5351 4621
9434 465
785 3466
1156 6424
4981 2284
8156 1905
6585 451
7995 9424
3984 772
2625 9003
8605 2986
3128 2341
8182 5341
3180 728
8894 6200
4615 9066
3045 692
8521 6014
8359 9285
6505 7650
6374 5449
2987 3118
522 9531
3063 3870
6924 3435
7791 4702
3624 8286
5597 4165
6682 9239
7288 4560
930 2269
5558 6460
6181 7173
92 1783
526 3714
5901 5317
2063 5794
6320 652
2017 1974
4970 4064
5375 2525
1803 6664
9332 2563
4310 7555
2011 3684
7456 3471
3735 3104
8073 222
4125 6371
5694 344
3107 4550
5809 4457
3196 7100
5990 663
8549 2929
6854 5117
3914 4320
3082 1441
6919 9306
7476 1934
3199 1828
289 8834
1569 6046
8043 3246
5946 7378
1698 3534
5838 9694
2984 1706
8657 3899
887 654
5760 8922
9566 9045
1359 9781
1739 8317
7309 2977
6113 5180
2374 4480
5014 4141
8521 5965
3263 3997
2630 9396
7943 1785
7814 4373
6899 8090
4711 2668
1529 542
6029 6381
3296 8774
604 9005
5642 6605
6722 4305
3229 263
6632 243
2983 2352
6207 6097
9451 843
3588 9849
2440 9028
5375 2319
3505 5531
161 1985
7881 2820
652 724
9175 6641
8672 9104
9217 6337
8067 2118
861 8646
4688 9610
4627 7268
5921 6866
8242 2113
4721 1064
8440 4176
485 518
8251 8681
9502 3929
9054 6428
2125 6580
8545 3527
8507 4233
4865 2001
3556 4524
6154 9377
339 8931
3086 2889
7164 4964
6905 9361
9102 733
2443 8365
3498 8841
5805 5800
8463 6409
1717 9034
5584 8318
4394 2546
2464 5277
1509 13
8965 9463
8917 3529
5322 6264
2096 8112
3259 1731
9322 709
6647 992
4091 9264
5694 3284
9119 4690
9569 5088
4615 9297
375 7703
92 9818
7388 8074
3082 6477
861 3503
7262 2942
1194 8237
4104 3820
2406 9
3225 7145
4117 1744
5556 6688
6091 2754
4200 7389
2391 6992
1523 9412
5484 6878
7078 1857
5314 7733
3207 4242
8689 1065
2514 1810
1692 9786
939 7888
6528 920
8459 1875
6264 1145
9047 7714
3820 993
1520 5211
8930 5626
6333 8578
2480 6655
1052 5052
8568 6678
4560 9855
1551 7029
671 9111
6888 6092
8282 4423
8951 1950
2685 1700
7416 5773
9440 7968
5427 720
9003 7868
4667 9607
6640 495
1038 3006
295 9036
2593 3533
8640 9273
302 1636
4744 3462
9453 7081
1892 7270
6654 2335
4152 4224
9155 8068
6113 9099
9281 3019
3653 3747
2309 9069
9595 7863
8517 1557
2029 8832
2309 2784
518 6898
9186 754
5790 4119
4737 2922
1233 4840
704 932
3850 1527
4624 9741
9640 5337
6181 4766
8189 6340
6449 7285
4337 6980
5451 1547
939 7083
7483 3971
6899 3491
3438 9143
3229 94
3156 3724
5441 5893
6687 735
1752 2381
791 8571
4721 7616
2217 3707
9836 2719
6412 4516
1554 1721
724 5221
7626 6489
8771 6395
292 1272
9169 2451
465 557
6846 5195
8005 2452
8112 9421
5846 7408
637 5461
7919 232
7943 2804
7030 7488
1885 2144
3562 965
804 4228
3925 1086
200 5034
2760 9717
423 7573
1971 5590
1655 5027
2491 506
6707 4588
527 1598
1689 4302
1627 7103
8112 5371
8930 9551
8521 1444
8352 392
6614 5519
6783 9316
3685 2713
3483 315
95 9187
8994 1838
526 1694
2084 7322
2987 6885
1347 6610
3015 2489
869 4019
8130 7347
4135 431
7482 5828
4599 3504
7239 7526
9574 6661
7481 8033
7691 4976
8779 9526
5685 3173
9054 2768
4087 3267
172 8627
4233 3924
6761 5803
8757 638
7623 4284
2789 5143
3820 8891
3474 1105
1458 3288
9263 8272
9607 884
4356 8848
2786 1034
1021 9198
7154 6850
3853 6423
6538 6839
4598 2468
2699 846
2519 9539
1767 7680
8937 4193
9082 1460
3093 397
5735 491
83 5785
6489 688
689 5975
259 8082
9119 352
4455 3656
8545 448
3136 6748
8090 948
7703 9528
6391 2303
686 4175
5825 8160
2183 5229
5538 4081
1250 2752
2979 8238
3196 3348
6104 8165
6095 3766
2936 4204
6613 1945
2177 9025
4248 3032
5416 2892
9415 58
8721 9409
9350 731
7079 8041
22 8594
3331 4726
7746 115
616 5046
204 3374
6505 9238
6273 2224
6707 2916
7721 7179
3697 327
4729 5432
6629 7168
4308 5985
4019 2454
4241 5120
2294 270
153 2582
1436 6993
8891 2428
7605 5789
1392 6419
8541 4303
3952 9508
6762 3629
5054 6568
9201 50
8848 3013
8073 3569
1154 2024
4155 2870
7758 9723
3744 6280
4749 1399
692 5246
8082 7602
4172 1045
5173 3268
349 7637
64 5162
6304 6973
5014 4581
728 7784
7212 1773
2084 1935
8034 3314
679 8405
9066 8221
294 5111
5140 7368
4064 8644
7984 2918
951 482
5753 8284
5024 8746
8841 634
8160 8501
2133 4481
2427 2700
557 9496
5211 8893
5255 6937
1236 6513
9674 6189
6654 8639
1246 5834
1838 9026
8501 561
4136 1087
4314 1428
3361 311
9050 8683
8173 362
5559 2843
5114 914
943 4010
6937 2153
8978 7098
3651 4872
1336 5113
4303 3650
9428 7812
8414 1780
990 9494
8693 3506
1441 7162
5878 1830
5996 8215
634 7538
4266 3889
6263 9821
8919 2050
6961 6684
4693 2951
5440 2337
6381 367
8096 3442
6477 7619
3827 9061
6538 5560
8242 9679
9410 838
1263 8344
5097 9270
6605 108
8530 7214
3448 1112
3843 4703
4352 1480
6246 5142
3530 2205
2519 8419
5538 7381
5685 6135
9368 1130
4799 707
398 7918
4913 2209
1627 9695
7055 4973
1914 2360
7154 5833
6393 6372
5624 4948
6095 9711
9028 6028
1914 5883
8465 3099
6142 394
7130 7453
8128 5385
207 4754
3850 148
7423 4502
7503 867
1754 3638
9219 7903
5965 8021
3501 2526
8468 7144
6993 6380
9515 4567
8636 572
342 1549
4228 3113
5434 7133
6380 8608
9674 3081
5498 5209
2401 6529
6266 6646
3615 1585
1458 6959
5948 2882
3618 917
2038 9400
9374 3631
917 4281
9526 8355
9251 6562
5938 1602
9745 3507
9289 714
4231 1122
1732 2203
6454 8993
3927 257
1568 2605
460 5723
4872 8402
8929 7539
7869 6723
5012 5719
5893 5076
2351 9243
1244 3349
1602 5398
6011 6772
7486 8471
7072 4644
6008 8519
4241 3377
8137 5292
6591 2117
7310 5752
9610 2041
6206 983
1020 8336
3830 8948
559 4874
2338 3788
3829 2703
2152 6820
7746 6440
165 7934
4171 2317
3139 4946
8149 1799
2760 1066
5863 7377
2990 1741
796 7969
9118 4182
8675 2354
3852 5583
3332 1297
8710 4571
7624 3557
2691 3937
3481 2403
1688 6369
30 7928
6146 2364
3074 3473
1809 4465
740 4863
5695 7630
8979 7056
992 5146
2970 116
9668 1181
6583 8699
322 7569
5739 9278
9123 7648
4813 7068
464 4328
2084 249
1706 921
1897 2901
6085 4809
3777 4294
701 1005
4457 2101
8335 104
921 6241
2570 1540
7144 2463
4475 8452
914 8821
1066 2737
3156 4008
5071 2881
8251 7048
681 1469
1625 470
7443 5073
3525 4180
8746 2439
2474 2367
3311 2590
313 6471
5124 1023
1638 5864
342 224
7435 5526
9502 957
5309 3688
4688 4852
2074 3171
9281 5005
8000 2568
8197 5766
3862 6981
520 6408
1692 7762
5014 8913
6653 6251
217 9584
7299 2114
4600 3969
5990 713
4538 1813
7604 6674
8771 6889
1600 5572
8530 7800
5833 8631
8294 4692
1204 1131
1780 1334
4152 4236
1305 2650
8268 348
6376 7818
7898 5465
2366 3140
2366 5706
5751 128
6364 5716
2810 4453
2916 7552
558 7280
8325 4593
4101 7141
8608 3599
7072 8148
5054 4260
1189 6383
4809 9127
5613 6663
6143 9702
6241 6786
1434 7736
5022 8477
1869 8136
8339 6860
4165 896
4218 8718
6838 6736
9168 9809
344 9313
3824 9476
4595 7806
6750 4255
6655 835
239 3071
7434 1319
6327 2076
9033 2434
1486 8374
1636 3634
3049 9736
7637 5035
1246 2490
6834 9538
1476 9006
2366 2842
2230 4975
5155 9411
3572 539
2970 9681
5716 8383
7612 8447
6272 7464
4292 784
2320 3482
7728 4530
1732 882
6739 7822
5010 7203
2069 8634
8926 9497
6281 9216
2712 4080
2280 3407
1366 4822
6125 5821
1422 5994
951 7886
8634 5224
1301 281
8282 4068
8405 2767
6629 3398
9515 84
4172 1622
984 5663
3817 1201
7417 4137
689 8316
2827 4040
9294 5222
9531 1626
9028 2136
1713 4127
4092 1836
115 8496
9574 3955
254 1354
6428 955
5420 6367
3746 240
1614 5579
2990 2043
5815 9331
4204 3722
7299 472
861 7944
4309 4699
8206 3903
2938 8817
5035 2878
6575 2739
6146 2847
6846 5963
6540 7851
4338 6855
4746 8697
1585 2560
6961 4353
5054 9778
1972 4833
5867 7910
5840 4282
5878 9459
9278 8195
679 8732
5821 2036
5521 8536
4516 5417
5728 4240
5140 3484
3006 4020
8417 407
6085 5991
6924 1991
4603 6627
8034 1256
3065 7780
7310 4672
6511 1365
6028 4856
1016 4689
5244 3826
9644 4250
9368 3247
1003 4735
2114 2585
5726 4023
6298 4124
261 1485
7412 5640
4119 7971
6097 550
7997 190
8173 2002
431 9456
3650 7467
8641 2906
9362 170
7098 2263
9831 8567
7081 4826
5211 5649
5133 8554
4467 5973
9401 9227
5461 874
4874 7301
8477 8466
3469 1457
6409 2218
1475 3801
4117 5362
6375 5358
1752 2823
6565 685
2451 7627
3534 4054
3707 564
5089 5969
2997 6155
7630 1743
5088 7298
1613 488
5111 1115
6171 8366
132 4706
2451 5160
8703 5349
9655 3756
7538 1110
8330 8806
2125 3310
3203 6406
570 1212
9052 2305
3156 480
8468 377
3429 4004
6658 4057
2585 7396
3419 8139
5415 6366
6054 8731
7799 3405
896 1398
6241 7548
6500 8818
559 1855
4124 4348
4528 6848
9225 7894
1523 5891
992 2375
2390 1879
5985 7281
878 7632
1485 5405
15 8145
8475 502
1457 118
1326 3285
4631 7948
1503 6157
7180 3446
6381 1060
8747 5616
5294 3931
3089 6634
8803 6686
733 7161
9463 5615
3417 2811
7675 8783
4183 8108
4412 9369
1545 4875
7447 2161
3529 5203
326 755
4885 9716
394 7913
8702 9612
5374 2894
5463 1488
8909 1518
9080 775
4817 5552
2428 536
1609 5970
3011 5265
4817 4897
3757 2188
1867 2296
4240 9663
345 3536
8806 7186
9194 2456
3801 3770
2899 6928
8517 4216
6521 694
3979 5648
6440 2992
217 8544
2126 5968
1303 3303
9152 4401
5643 6434
4068 8315
3301 6517
5358 5674
2111 5163
526 119
7966 5826
3908 5378
107 9771
1035 7678
5531 4158
7567 5410
4155 3127
4228 4027
4766 9386
5385 8311
1013 4876
5631 6512
6972 9237
5360 5804
5244 2861
9298 966
5602 5947
2775 9752
8479 5847
9717 3106
1783 1649
5915 2705
3557 7134
5219 3185
3700 8006
6374 7035
132 2522
2511 1790
857 8451
2244 5783
7611 5454
5141 9642
4990 2947
6449 4167
8842 7362
8130 9013
7977 9406
3957 1573
2829 8105
4693 5955
7999 3324
2387 8539
5034 5731
5811 8712
451 1440
6304 396
5048 1467
7812 1911
3683 2194
5478 7639
8732 6914
2927 6494
3140 9259
478 420
8009 6325
3349 1379
804 7748
2232 8847
6196 2277
1240 7510
7894 6205
1440 6398
9270 3218
5433 651
4271 3287
5424 1800
2616 1582
7130 6545
8452 3073
5531 2116
7613 4853
2148 7074
9091 1995
9607 4753
6723 4661
5705 6872
1698 6350
6034 1216
5469 409
5598 3574
1551 4963
2030 9145
1150 3414
7439 8194
565 3657
3076 8500
8501 4574
1537 6359
3128 5138
8054 453
1183 1591
1962 2250
6350 1734
6331 3278
8366 9859
3816 6346
5794 9392
6463 4342
1130 7452
7358 7819
3634 6907
9442 8167
5685 4888
7327 9558
5853 2886
6946 8983
6691 3125
3024 7077
5476 2186
5994 2308
8033 3947
7263 4956
9377 1264
9177 9445
6375 3537
813 1665
8007 3859
8282 8865
2445 9635
2983 6470
7045 1001
2395 6390
7305 4395
5630 7200
2986 7830
7298 1091
1303 982
3071 5796
2451 4887
1979 7163
776 7474
4627 202
736 888
2050 1778
4945 3496
7526 1746
7113 2312
7269 166
4472 3528
4951 59
2421 7676
4093 6341
1911 4842
2153 8213
2318 3130
289 7576
2479 3090
3136 411
3328 3836
7270 778
366 6926
3735 2635
6137 5458
838 6309
9331 2189
2888 5380
9383 6903
9253 365
3881 6501
230 8442
4631 1708
329 8924
6961 151
851 21
9027 3960
8377 3996
7533 486
8366 7785
6480 974
5469 7402
1982 4769
7634 103
6562 3252
4179 7957
4068 4720
4967 7096
874 6516
9292 6763
8893 6051
6855 3520
6678 584
7009 8055
5603 2790
3191 6874
237 6819
5348 719
5834 1907
1272 1789
3520 1322
6597 1525
2317 7914
4645 474
7081 9825
338 9040
8666 7540
955 6139
2538 4880
6002 5363
6632 5181
2969 3337
6820 2143
8955 6069
4131 6278
5777 9150
8568 1088
4228 3812
5845 2304
720 1629
5869 3805
3372 2459
6859 9286
3074 4159
8805 706
6066 3740
1727 7767
1795 6957
4416 9464
7314 8875
2804 4085
7898 382
8811 6906
3764 1188
9414 4765
4177 2710
431 4969
7694 7972
8894 1323
3429 6713
7630 7346
6980 435
6980 7091
4394 9700
4263 3389
2150 4536
3005 9613
6741 823
1821 2871
6962 6975
520 6301
6583 8180
6578 4789
8702 7278
1571 399
8768 1654
1878 5620
9459 7487
2334 3885
1857 5666
4849 1505
5462 7690
1288 9728
3574 4893
5986 2993
1641 4115
1880 7599
310 621
7161 8855
9856 8839
7043 2801
6651 57
2284 149
6653 266
358 5200
1473 2025
3820 2382
9567 4515
8568 3701
9152 583
748 4202
4397 6468
7559 9122
394 1697
6776 3345
7828 1712
9264 6338
3754 603
2630 3809
3192 9583
7530 8470
4810 374
6408 4351
4348 6733
3006 5641
3466 5051
4469 6485
3410 4713
1302 1004
5751 1175
9431 2481
8744 4389
861 8265
7934 6856
6304 3613
9541 5715
8465 7866
2735 3915
3372 4230
4281 6623
8554 3478
5181 5865
3661 5399
9239 4966
4775 2866
4394 8741
4585 8116
4300 5293
4775 6752
1216 883
6296 6048
8639 9056
7592 5011
6819 6179
7155 4497
6369 6825
896 2689
1012 729
1279 3068
1378 3904
181 6083
1813 3370
1075 2348
4737 613
4797 209
5142 8543
6934 7121
6429 5884
8398 8411
8419 7181
3205 3750
1978 6822
4159 305
1407 4280
8442 8560
1741 1715
8390 6756
1419 2399
1990 6373
5865 3790
6139 4014
8549 4632
8543 2014
1438 7929
9473 6649
3496 3928
9362 2945
8979 2733
3267 3266
8167 8890
8237 4323
6915 4748
516 1361
923 8988
5969 866
3033 8418
2921 5064
878 9556
6534 8380
3182 3883
6342 5688
8971 7397
2989 347
4754 408
4617 4573
3182 8592
2334 1346
9805 9384
1945 1764
3634 9819
460 7669
6022 5588
2882 7782
5723 7572
8149 9744
939 9160
4987 7731
2310 2932
1975 4150
3809 8372
5932 1242
7830 8962
4080 4926
543 8749
2015 3309
1838 5098
2810 3728
9700 4153
6654 2413
6536 3691
7822 6518
7164 8187
5894 4112
3885 5689
7881 2478
2231 2966
2888 573
9698 782
9285 4664
4536 3368
9324 4036
1128 4802
5730 5964
2689 5687
2751 1071
1434 236
2209 1178
5180 3381
6440 124
405 6072
3301 5509
202 9482
380 2755
1876 3768
4498 4658
209 4425
6103 6559
8993 5511
3853 1262
9585 3970
364 7521
745 9380
7644 1749
3438 5976
2767 1877
5897 3444
7701 9807
8568 9664
7805 4331
9576 9318
1905 665
51 4719
5814 8505
4672 2098
5265 5429
3082 4011
1398 5843
2444 6625
1875 6363
9634 4297
9050 8147
5624 6690
4683 3443
7017 560
8579 5149
1898 4071
1294 3319
521 8765
6650 8480
6823 1860
5867 5006
5363 7699
8914 6004
2826 5168
4720 1009
4348 1002
8112 6152
5963 3897
2348 6781
3203 8299
8139 3422
8195 401
2737 6216
1457 5628
8731 8883
2918 8204
9316 7480
4240 7311
6577 1344
2644 6548
7009 9269
8888 7735
5329 3980
4205 6853
9556 3290
3501 5340
6072 7170
6288 4846
5450 5408
6378 7139
2374 6009
2225 3973
7412 3251
1093 2343
5611 601
9019 5217
6978 6353
8573 1997
5405 5779
2401 7807
6754 3144
107 8099
243 5744
7865 1328
1665 4742
5891 483
3161 2730
320 8354
6948 658
6004 949
6628 8535
5142 9519
11 3250
7651 6466
5760 2520
8135 3183
5663 4909
1545 2830
4926 9793
3455 9135
6314 3117
2951 7195
3172 2743
2836 3169
2425 9189
6536 2690
490 8320
5798 7838
6059 4347
3083 385
784 1680
8705 8367
3557 7513
3259 1938
6890 2493
3937 5161
6536 5585
1034 6233
9161 3029
2713 8121
8641 600
2648 1
448 3400
7281 2255
3171 3100
8821 8669
3883 6174
4643 4252
8545 668
9006 3719
8272 7705
5336 8580
5753 2086
3293 3670
7349 5275
4192 7031
4352 9089
184 1548
4036 7266
7144 9832
9771 4727
8646 3990
3093 1634
5732 2597
5893 4443
4888 9554
295 7500
3557 4354
3287 7839
8744 7420
2519 2862
3011 8616
3849 7449
7539 3217
1971 6271
1154 2933
7675 2569
1302 3763
4498 1977
4471 1555
9476 640
3525 9591
9432 3919
6206 4201
393 8950
7839 9117
3446 5594
1160 8869
2918 1206
495 3982
1926 2233
1087 7385
6128 6680
7921 2078
3942 5918
7599 7884
7350 7770
4367 563
3929 4145
5010 4772
1473 2813
9497 3895
7225 8780
8931 7462
3315 2331
4874 4038
6543 1356
8929 1248
6032 9542
5779 7373
4319 1331
8452 1118
7364 5177
6719 5182
3919 5659
9504 8087
5582 1384
8681 5818
518 4883
3571 5377
8300 280
1749 2596
2181 7260
7601 4936
6126 2268
8930 7394
5631 7066
9313 4039
1704 6229
5088 7700
5432 7594
9502 6841
480 9750
6822 6462
3218 7778
4950 5570
8507 6045
8069 6212
1426 4646
6526 6339
965 2306
1005 4549
3145 3641
6834 7037
7903 5062
3284 6413
8886 8045
5341 5020
1399 9492
9189 7080
8074 5283
8937 6700
7967 2121
1169 2782
2609 1437
8241 8127
1581 6388
1319 1624
6324 8874
3598 8670
3209 6901
782 2924
9655 9638
4772 4834
854 8974
4567 1533
5969 5966
8045 6240
313 5328
8947 4381
259 2814
9285 2279
4176 7527
5521 4553
2444 8260
3569 6857
8878 7136
331 7621
9369 6954
1468 7584
6755 1345
5932 4106
8980 4157
9542 6096
3569 6921
6236 6983
1810 2873
7198 7149
1294 5466
4841 142
6978 126
3503 2527
28 6345
2921 3325
7838 8724
5789 4979
8076 1251
2893 9517
7455 4552
7767 8052
6722 2595
3288 3761
7029 1566
1043 4018
5238 7585
5362 8295
3816 4139
818 646
3972 6446
5384 1166
1493 9274
8724 5544
3264 7106
7613 4577
4353 2772
4003 2557
8821 2853
7761 3088
293 2023
8102 2715
3721 7574
9607 5442
51 9721
1078 6644
7905 1387
5826 1604
8941 6254
681 8695
3398 2410
1169 7032
9465 6151
2152 4012
1334 2874
519 2163
1438 8168
9221 8014
502 9303
994 2664
9793 4602
6957 4406
2462 7445
3969 3842
6119 4730
1649 6475
6957 6299
4284 4869
7968 912
491 4244
1907 4919
8763 2307
5640 643
2523 3030
2604 1270
4301 5045
5121 416
9657 6438
4810 3769
5715 5015
3419 278
9523 5467
4010 168
2968 9395
2304 6403
2036 9314
8521 2460
4863 8524
5227 7917
2940 6405
3312 9394
9638 6224
8354 6193
1120 1099
5265 5395
9088 1953
314 3622
2562 2835
8032 8973
6733 2208
616 5269
8145 5164
9728 8836
4595 9573
7991 8428
7698 2724
3039 4857
4930 6847
1599 7965
3919 828
9531 8019
6139 8110
4693 7534
565 7325
4027 8606
8158 5288
7822 8271
7186 5036
1860 5099
3333 6158
1087 5684
3913 3031
6760 4788
1729 1757
2585 250
9386 3292
1361 2276
6466 5145
8870 7359
4959 5306
6973 4369
7840 7756
5686 6203
8142 4568
9396 605
4455 4295
7032 6145
9711 2632
9135 2530
8883 2529
266 8671
7644 2695
226 4370
240 4882
3541 7002
835 5553
2454 661
8545 2214
2882 8177
8788 5987
3909 6971
1665 6913
4865 8027
2197 2134
4480 5619
2680 1719
2117 413
6085 9522
9332 579
3154 5482
7389 4404
3503 4296
7203 7939
352 5028
4742 7622
9531 2753
6034 76
3987 2692
8845 9163
2785 8663
4538 8815
2427 5445
1091 8312
5481 6310
8284 8740
9807 269
2942 7595
3990 7641
5441 111
3683 4414
4478 5927
654 6943
5059 8935
7691 16
284 2925
2862 6437
7608 122
483 566
2616 442
6658 945
1528 1516
2570 8191
7388 9842
464 5664
570 3547
7770 2832
8318 8611
2357 6439
8789 6492
6464 5468
4309 3134
7628 1318
9535 8884
23 9560
9028 751
9314 5379
2605 6618
933 2345
9384 6362
1971 9323
8607 6441
4430 1147
1669 958
719 9469
6631 7440
4177 8382
7263 2167
8533 872
7038 9266
3288 8340
3830 3518
1106 7951
5429 684
9270 5998
5961 1829
2523 3742
4301 9149
6316 4000
9781 8655
5557 20
2525 628
4797 4501
9531 9783
1935 2207
686 5063
6054 3637
1909 1450
4416 5271
5309 1646
9324 4325
9019 9325
181 4715
1916 8525
8709 6558
9708 6067
8539 6102
3571 5102
4084 816
709 4844
1437 3934
7367 7557
561 5890
6655 4060
2353 4418
3967 5899
7769 6699
8478 5861
7366 5528
3703 5958
7819 7160
9713 5568
3331 3178
3849 7565
2245 9589
7746 487
948 1952
6171 9808
1509 9687
7634 2628
6023 372
7629 9203
4756 6098
5400 9489
1062 3516
3127 562
5613 5074
1452 9493
168 8856
2715 2248
2743 4955
6482 6414
6143 7757
204 5670
2679 1448
198 1017
8689 8001
5899 2262
5116 1925
6708 6509
2382 2059
4391 5668
1266 5207
9424 8532
2253 9626
3192 7544
6278 7307
1640 2049
6463 4583
6629 7351
3368 7855
3693 664
8039 3044
9233 268
1085 4952
1270 3040
6541 4173
7539 9802
7690 3825
6301 4489
5213 9490
3422 3991
8340 9696
6648 6182
4383 8084
1953 9578
7113 7779
4042 433
6682 6250
2387 9393
2751 6043
8780 3279
5528 5065
6508 3291
5273 7945
1767 9355
7385 9631
474 5485
7541 8920
3964 8738
7476 8843
5399 4510
1797 1871
9848 3519
4255 6595
4250 1931
5040 814
1305 5733
4981 440
7462 9794
3885 9353
5034 2191
1100 5569
2916 8577
3613 903
9597 7753
6733 5085
559 8314
2604 63
3774 8226
6345 3932
8300 1882
1884 2727
4484 4866
4981 4140
1303 4227
7013 8469
329 450
3862 3675
7714 1314
2014 7909
4071 1070
8417 5479
816 2552
310 8503
6205 2610
4019 8409
8330 8063
3685 3828
7584 4962
4645 3815
4193 1324
1184 2370
217 693
9161 395
192 2108
9746 179
1789 7064
1979 8506
406 764
506 2062
3284 510
7081 225
9573 8575
8922 9817
9081 6416
7735 9624
8488 8753
3969 3157
478 1140
4736 2794
7978 4109
6224 9346
7736 8388
3061 9020
1251 4051
8915 8309
9813 6884
6565 1296
7443 7058
3856 750
261 5338
8993 323
2169 2190
9745 5025
795 5333
8077 3339
4285 6208
2974 2914
2700 3352
5882 9676
3446 8887
311 848
7000 1643
518 5001
696 5561
3217 6427
2799 9000
8078 3773
5148 2512
4484 3459
5379 6010
4282 2771
1140 8218
6981 3495
287 4996
6200 1451
809 60
3666 7112
6225 7633
9626 3595
1407 9823
6014 7059
1450 4545
3790 5216
8488 5334
630 675
3340 3713
6331 1337
9395 5055
613 7411
912 5107
1078 77
3290 6863
8841 3369
3600 6675
7693 215
6674 4110
5651 2100
8041 6740
1451 1464
3436 7436
1123 7520
1914 5580
4453 961
6157 6159
7676 9672
437 3056
9400 1202
7572 6368
1604 8205
6463 7289
2947 9651
7969 4569
7096 262
9127 2663
8175 3542
7523 3854
2960 389
6922 4871
9393 2192
5388 8928
7539 4903
7449 4895
9166 9506
6056 8004
7180 1133
6453 9001
8955 9838
7182 2436
4137 4611
8749 3346
2801 9594
3829 3122
7819 4590
6181 4622
4964 9277
9104 7876
6291 6086
2891 2978
7174 7497
4536 2770
6847 6705
5432 3067
1336 7507
4052 3399
1392 4700
1789 1887
7978 6929
7285 2915
4172 1958
4296 5632
8019 5885
562 1606
5995 6726
9292 602
9464 3162
9526 7140
1302 3577
9714 8643
7634 997
9781 766
1991 3759
1603 2649
9369 8103
5579 3977
2360 2589
1076 8042
1488 9533
9118 928
5400 9782
3794 7468
1169 1360
5076 9706
4688 7963
9187 6108
4501 8873
559 2517
2656 7512
4157 2623
4342 6262
1017 5144
4852 6560
3523 4344
6119 8353
8555 2053
4725 6710
4294 7097
8377 2243
2924 5591
5588 7233
4839 2928
6462 6084
745 9391
8875 8934
5258 7973
8300 6411
3778 324
1622 3273
7154 3119
9551 2327
9469 2686
1445 8728
1572 6041
6246 517
9624 4485
2152 1388
1527 6111
7765 3673
69 8981
6103 4419
9503 1254
8850 4350
6741 8987
1158 5078
7090 6788
621 8995
1288 1031
5378 4494
1700 3025
8519 328
9377 5690
4093 5916
7132 9800
2363 1558
2472 7924
377 9854
3398 6036
8503 8982
1707 3350
1713 5799
638 7532
5349 1901
2421 5524
2925 5187
1437 2887
1523 8381
455 2336
7734 7438
1700 2109
6482 6824
603 5422
4466 3323
8519 9164
693 3869
7635 1141
7931 4329
1885 1281
2364 608
1052 6953
6597 5854
3798 8698
8428 853
6872 7861
9684 9051
1049 1306
9094 9435
3382 9643
5451 4927
9704 5832
6466 4189
2144 8714
5613 7033
1297 1405
3361 6939
8367 8991
7955 6294
5674 4763
1098 3454
2205 7137
3798 3833
2481 762
7105 3739
8275 3891
9346 6622
6691 8281
6373 855
4846 4265
5802 7291
4880 3375
1071 889
6618 2417
1778 6584
6755 8964
2421 9543
1708 9154
446 8801
4834 8244
8019 8946
6477 9627
1091 3028
6263 8626
7818 4589
8366 9797
44 5233
3442 2714
3246 9847
4830 3326
1602 7755
5244 8975
6224 7754
2785 6232
994 7172
9073 484
5991 1745
5238 4420
1838 6795
7038 6065
443 3558
6501 8784
4688 1104
9111 5091
3034 6360
6913 2162
6941 3680
7972 3702
613 6689
6460 607
4935 7606
2250 6415
9432 5778
5630 255
2006 7012
7410 859
818 2369
5102 160
3474 2540
2396 2864
6511 3000
3973 5573
837 9673
523 8523
646 2955
6606 3589
3735 4456
108 7993
8479 4985
4173 8192
8731 4843
1581 4665
4147 7759
7690 6590
7061 5693
7288 8431
616 4427
582 6005
1009 9760
3475 7958
572 5303
7753 3521
698 7554
9228 8846
3927 6656
6012 8048
2991 7646
4567 3601
4092 3421
665 8351
6901 2613
1381 7273
9681 7357
8390 6503
1882 155
8402 3674
5334 8952
8191 2184
3827 156
3487 1173
9490 5983
4419 3508
8814 7901
7543 8727
8414 2178
6133 5795
4223 7970
453 5895
9760 1276
2244 1918
2736 1759
4889 4483
6029 8140
4302 4277
8312 2045
3614 2601
226 35
431 6495
7605 3020
4969 8467
2642 4508
1150 505
7865 8906
5238 4989
2971 2869
1690 3274
168 1187
9758 8124
5263 4462
8501 8642
6010 3220
5996 8487
4291 4518
4422 1196
8695 3046
8409 8527
483 569
5572 4505
5168 2171
2815 8473
9848 2394
3258 9417
7100 980
5693 5762
1765 1482
2735 5447
6299 9207
1138 1661
9805 9230
7569 8785
1525 7341
8407 594
7134 4649
9645 6293
4131 6589
2134 5297
19 4626
2100 9697
7511 1684
689 2495
7134 911
6857 5831
7963 2422
297 2007
7420 3341
2546 1165
4018 1146
2363 2662
5133 360
2527 7824
9607 5504
8926 2761
1640 5000
3339 7194
8798 6794
5384 1008
5461 8047
6305 9549
4958 2484
2770 6711
5398 424
4232 6735
399 3568
2463 3245
3694 3470
1843 276
3368 2057
8784 1383
4394 2435
3900 5765
8066 1760
5054 4322
714 5196
2265 5302
6664 2697
9039 5830
8414 2035
1428 9105
7944 2576
2114 7772
2218 8838
7742 8379
8891 9477
3335 4892
744 7067
5064 4695
4273 8953
6137 868
2984 2976
9139 1807
1416 6220
9539 5212
2289 673
5547 1714
22 8343
9215 121
1878 6306
600 36
9769 9261
9819 5178
8317 5308
3513 4655
3972 6169
7955 6227
9549 6535
3717 6986
5981 8385
1122 5489
4419 1814
7939 8550
4323 1753
5757 1891
5802 5247
5133 1350
8575 6704
3599 7615
9463 863
728 1695
4715 1079
2034 9647
5338 8609
8824 9242
6658 7191
8543 891
6441 8912
2101 5807
7673 42
7859 4134
1025 3238
9778 2898
5374 2574
9394 6483
5055 8225
2654 5581
51 4287
2973 8518
7456 1567
4967 5157
8365 5727
1209 4257
3970 8665
4046 6721
5688 9311
44 4076
7013 5069
250 131
3900 3907
9027 7084
3462 3257
482 8049
1533 4625
6254 7823
2106 4061
6449 167
8219 2287
1741 9454
2225 9715
8271 8350
3947 2339
1110 376
4454 7344
1958 4307
658 9343
6381 2581
8367 7399
1283 5614
4218 5383
4720 7007
44 1623
4552 3884
820 6817
2898 7457
7106 6343
1646 2483
4213 3628
2452 7983
1146 8107
3298 2577
1150 1589
8848 5156
3414 555
5182 1046
7112 3636
6927 6732
5397 8546
5688 4591
1122 7790
5819 6173
6032 7379
7092 7658
1283 2795
5284 8722
5 7502
956 3085
4252 5413
1025 6319
6981 5518
1525 5109
8829 3035
3005 4900
4822 6448
3436 2904
7406 7441
6566 4133
4719 9532
9748 1186
5783 1443
3828 7992
2960 5636
4583 3887
8213 3732
9516 3767
8536 4580
8379 9046
5364 6455
5969 7414
7977 9305
98 2764
5449 8831
3296 285
3500 3036
3298 4313
1457 7202
2096 3671
2012 5772
2894 6456
6548 2246
3006 1736
9306 8647
5377 8094
6262 650
5599 3135
5826 4931
8838 4659
1388 900
4064 8062
9401 5083
9794 2073
3180 4988
5640 3302
6346 6410
5865 8117
8761 7231
3897 6827
6378 211
9554 3985
284 7427
4772 3712
9127 7117
8866 6134
1 4217
6329 4539
8398 5660
6309 8119
5102 2455
2431 1109
1822 9792
9216 2708
5588 267
1062 1397
9792 6960
6460 3570
4679 656
8084 8882
287 2839
3041 3159
8501 9354
4211 6300
4070 6255
805 7937
7486 9692
6319 3327
6410 3966
9089 8297
1388 2392
5941 494
5520 3227
9583 1676
2178 6774
8805 4435
8352 4007
5969 2995
4392 9301
6482 8200
8308 4647
3560 2160
6644 2532
1971 6742
5229 8170
6579 1259
4948 806
6735 655
1241 644
7500 6728
4389 6956
3324 1253
2789 3646
3828 9557
6337 8236
2136 1584
5114 4512
5544 2666
3271 5510
3157 6667
8239 8581
1347 702
4198 5389
87 182
7819 5471
9593 1539
7378 6587
4775 9652
3895 9722
5838 2145
6353 86
4813 8862
2487 662
2375 4361
1016 4015
2312 5428
6521 7625
4655 4805
9808 9678
155 3950
2045 8903
2463 1152
5113 528
9508 96
2309 5771
7150 4614
4958 9659
8996 9212
4443 3112
9503 1238
9069 2264
6929 7878
4536 139
4569 7652
6587 3659
2353 2615
939 1481
6241 3704
1609 8652
8503 4170
5836 9072
2705 4448
1830 4850
728 544
7412 1903
4036 1273
930 1768
9660 8086
3227 2956
4717 8745
6208 4503
1756 3151
4425 4275
3688 39
1877 5770
1478 832
9 4947
6072 8348
6413 4186
8675 5933
7874 1522
6842 5577
8138 8938
828 5678
2480 7581
3843 9614
160 9092
4706 1265
4254 1219
236 5290
7937 697
8875 3961
6333 8916
5058 8851
7327 7317
1778 2501
8398 633
4301 2257
3661 3363
3199 2537
8473 6491
4046 4243
5361 5170
7904 6506
5156 4049
6669 432
2723 123
6343 7292
2894 8492
2929 6274
4137 4582
8340 5750
7131 2135
6056 580
8022 1502
7435 7116
8568 2226
4418 676
3527 8854
6687 1024
1912 4965
7757 5769
5437 3863
9729 8481
4193 3018
2789 1701
5732 8678
6251 5418
8903 7405
4338 4974
6050 29
9000 858
1732 946
3203 1047
906 8435
4573 8337
8200 8802
4529 9279
9253 7662
6343 9137
1189 9686
2585 1157
983 2900
6726 581
2802 3289
2561 9096
5275 726
9221 873
9596 5423
7057 732
1938 3064
4728 3823
939 3336
2451 9359
7828 2089
5297 9499
397 1431
7144 3948
3207 193
5787 7835
5422 1924
9179 1055
9164 9774
1997 9064
8082 8956
2947 6140
5170 5356
6641 2828
3817 9547
7934 7001
2284 4906
2937 7124
5518 5622
7134 473
4291 753
2917 3338
9350 7107
2817 798
293 2707
4802 2213
6572 7063
195 7342
5945 9095
4103 8235
2996 6166
9781 5043
1763 9509
3816 6991
4159 9184
8388 4090
6752 9485
4577 8406
1160 1863
8607 2465
3856 1298
6271 3709
1591 157
9376 8708
843 5323
224 1748
4571 4886
3036 9158
3665 585
9133 272
9627 1027
1606 9606
2873 2961
5337 792
4965 597
3326 2948
982 910
3417 8220
5402 1998
9538 2201
5306 7804
7728 3402
2659 3662
3136 9796
4297 6150
2690 6791
8642 6865
560 4917
2779 4491
4762 6639
4942 1658
5619 8694
6073 6433
2213 6148
3151 1970
6934 2964
6003 5962
5491 173
5033 9773
65 6185
3204 1494
5630 894
6229 2769
7394 3951
9122 6984
9654 5791
5995 6694
8523 8362
685 3832
1700 4477
5506 6811
4622 3590
4842 1512
7830 4559
6196 2211
2484 2578
8353 4513
4846 4151
7342 2234
1418 1292
2483 7495
439 8152
2790 4283
6343 2199
63 6938
8886 1851
3274 4086
3674 1648
3001 1793
4000 6799
3859 9452
4232 7016
9283 6683
3487 9462
7066 7773
8560 5411
2002 1213
4331 8050
6266 2780
1323 5926
9678 9002
5638 5158
3419 6190
3855 7980
2320 3059
4981 758
2287 1511
4656 335
2691 6600
185 9562
6646 3640
5465 8483
5555 1588
5755 6524
5 7833
803 4781
5129 6930
4368 7345
5792 6177
1731 7424
9039 8462
3029 3611
8763 9315
6471 6950
8735 3847
3815 8522
239 8287
1458 37
5975 7636
3090 3840
1602 7227
4726 1389
2914 196
8084 5534
1962 1185
5686 3993
411 7961
2645 5391
3689 6995
6721 3206
4227 5047
5866 512
2535 4434
894 6502
6986 3175
4560 4032
7977 2016
7963 5764
3250 612
2578 5607
2922 7808
6398 9487
8414 7837
5887 7553
1131 7586
6166 6257
6409 4128
3520 6431
8476 4268
5903 525
9771 5343
7634 5793
7633 7279
1356 5776
2700 3153
7205 1495
5367 4801
1813 6426
5614 1101
272 3730
9736 7568
4644 2863
8353 2660
2724 7580
4669 4923
2904 578
8421 3989
5551 8157
4876 6481
7944 5860
143 6858
3779 2433
5330 677
3739 7642
7725 761
6073 1310
5196 3216
3486 6295
1519 7099
1703 6386
3961 1073
6203 8375
4462 9170
4198 1315
3980 355
8697 8455
3085 7166
5123 1232
2690 2458
5661 381
7592 9231
634 7290
3570 3017
7935 7732
9594 1859
1822 1149
2202 5702
5484 6547
4359 8018
707 7465
8359 6286
4647 7458
5073 7681
2366 1048
2713 6387
6784 8559
8742 2066
2462 799
9407 1295
5893 4345
9145 1966
4984 5578
1790 1811
9613 6897
3343 4579
9590 4407
234 3353
2309 2407
2820 7882
5581 1536
1974 7320
9681 7204
8428 7849
9018 8461
7507 7264
5149 93
393 5192
8994 8792
5845 5768
9268 7143
2906 1015
7948 4343
2263 576
1918 5037
9508 6474
8721 427
6137 5496
1347 3075
2007 6302
5665 8193
6824 5226
8834 2726
5538 7820
9120 3911
9485 7088
1789 797
6924 7879
7907 5287
6092 8569
7553 5430
2 9520
8462 7702
1292 5130
4352 3625
8515 6081
7457 6967
4538 1032
1855 7306
2657 7717
9296 2185
5736 6404
7539 8198
2226 4330
5687 4005
3444 574
9062 164
9324 4540
2724 7005
6314 4438
4001 169
3883 5954
9258 9385
8752 2342
7368 4786
1698 8949
7767 7885
630 492
6992 3384
2038 8618
1828 8969
1156 4628
4996 1583
1754 370
3906 2798
4802 4785
2582 6709
947 8976
1194 6985
6394 5321
1480 6746
4084 8825
7690 6080
4280 9688
5377 1917
8975 9211
1698 840
1236 6488
611 7860
7993 5644
5378 4199
7812 2091
7756 4851
383 6430
2023 5870
539 4957
3019 6845
2295 9075
6995 6779
6885 7546
5469 3822
4762 4666
1115 3821
6700 8207
413 2859
4284 3575
1434 7259
2391 9518
9162 2981
59 8537
5471 9058
2403 2845
4894 4819
1943 7663
8573 3070
1732 2534
4906 3623
866 540
5733 2174
8414 1576
3258 1844
7652 9423
1331 9427
7888 5260
5062 8764
4308 1134
7967 4734
8417 4235
2563 931
795 2081
3812 8210
2623 5494
884 6714
2466 3930
9591 9620
3873 1534
8649 5009
6554 3366
7678 5977
8545 8755
2861 8305
4702 6130
8001 2358
8953 1514
426 1022
9088 3731
708 5204
9143 2809
3568 4316
9388 2471
7553 3385
4125 4306
6987 6620
6585 2130
2029 7360
7560 1772
7968 4072
4593 690
7921 1662
161 4035
6540 5662
3991 7125
433 6265
7391 4413
2282 6724
9562 1124
8242 5455
7467 5647
4378 61
7765 1304
8138 3121
5614 8656
1488 5230
8265 183
1525 2756
6627 7210
4326 9705
2898 4379
9240 3270
7888 5774
4834 5536
7574 3447
8218 52
8844 7739
668 2384
564 3811
8702 6818
5035 8384
4975 7953
6939 741
5722 75
6635 5729
6049 7583
5054 2584
7644 8008
1350 5746
9499 6887
8505 4676
684 8989
3077 6725
7191 5718
6197 3262
224 7293
158 2486
5855 2388
8195 68
2519 4555
457 3512
6769 2547
1298 6161
5929 4009
590 8024
8749 3617
2280 1364
5614 8020
7452 1054
4407 3424
1822 7843
8591 7101
4098 7922
2472 9307
4420 1327
8824 7471
2425 8596
8877 1053
4996 3423
5283 8840
2981 672
4347 277
3466 7071
2604 129
5441 3256
7131 789
5831 5474
7130 3745
1609 162
721 4804
4025 6523
5946 9191
59 9153
6629 4915
7888 940
3598 5154
7645 3743
1283 8667
560 2397
5814 8879
7909 7768
7452 5852
1715 9441
986 5050
872 7817
6280 886
196 6175
7130 8306
4854 514
2305 7596
8273 8277
9484 3304
6794 7196
8559 8040
884 2056
6741 3295
6079 318
9075 5956
8062 5215
5631 8178
3640 8026
1276 962
9535 9023
4434 7679
8346 2301
9019 4687
7016 7744
409 2518
8695 2837
8669 2373
5101 2055
6342 9616
3717 4146
5281 4428
7747 5512
9170 1352
196 4327
8043 9639
9679 306
1950 2806
2547 5554
5995 2793
5689 48
5736 7330
9069 4130
3599 4777
2194 963
2553 1919
732 1391
3768 5452
8604 4148
1434 1127
5418 9180
2936 461
4903 6379
8055 9579
1640 3202
249 2389
7937 2773
6878 4678
2891 1208
2970 9022
3486 3152
1124 9357
6558 4698
1665 1223
4070 8719
4947 2908
1795 4276
382 2072
6480 49
3473 2950
6884 7282
2150 964
1585 449
5153 2051
3255 7019
3568 4440
3536 6712
4679 7382
1752 6692
2715 8777
9094 3517
8783 4154
8473 2673
6821 624
4725 9565
982 9501
5411 9600
604 5232
1704 6659
5985 700
5672 6598
1118 979
49 5289
7656 4262
542 9090
6375 3978
398 5038
306 7786
3510 5721
2352 8231
5141 834
2217 1841
6119 6876
8112 6677
9033 2346
6834 6615
872 9798
3810 1933
194 1587
8488 8144
6405 5931
2051 9004
98 120
3235 2792
3896 3177
7233 4572
7912 498
1759 3038
1664 2634
5992 8796
6324 7286
5579 3094
8204 1579
8032 4511
7377 9419
8189 1269
1045 7089
7439 2985
2773 533
7214 1439
3618 3108
1623 9852
9441 2943
6041 3974
9617 3042
6139 8794
5214 3378
1326 5448
1682 1479
4004 9044
8089 2619
7725 2457
8087 4778
1915 4780
7998 586
9002 1050
9496 6132
5098 6814
6955 3391
6597 3677
5485 403
6502 4694
4151 4620
5265 2884
8 2598
5315 4458
6740 1530
9620 2291
5565 7550
5582 1237
8792 5032
2977 9404
7500 8812
1759 9448
3475 4902
1822 1290
9462 7246
7888 5710
4996 3283
4281 8100
6135 1171
527 3965
1950 9525
7521 5435
1753 8132
2316 3211
2242 2880
7659 5241
6020 7287
684 9125
4510 6162
3410 3749
3617 2555
4018 434
1635 8585
7160 1119
6735 9460
2148 3538
8656 8615
2427 9078
6627 5282
4802 6211
983 4408
217 9057
4387 4828
1991 187
5981 3715
7084 7990
3759 3786
4312 7237
2223 2129
6135 1317
8312 7361
4141 3718
2354 197
4072 5745
1233 6055
5306 7788
8824 6452
2433 8486
7995 1176
8141 771
4490 6787
8323 4258
5204 3224
7742 5548
3024 6267
3498 9333
7311 1198
3998 7374
3283 1758
1428 109
3284 9765
2098 678
616 1961
6748 6601
8374 7941
5921 2833
2699 24
3217 5635
8442 4479
4975 9378
1444 1243
7939 7514
1003 6775
7184 6218
1829 8280
5624 7404
5845 9814
9396 1293
345 6816
2234 4960
8670 9430
7445 2259
5367 4063
4785 2372
1926 5856
8473 9598
5383 5373
1568 524
3383 5822
2063 1735
5279 1203
6103 7524
8584 9628
1323 6035
5160 591
1764 7241
5883 3734
9544 1742
9228 2393
8355 9204
8519 537
9630 4535
4307 5563
766 8572
8082 5949
1534 1601
2641 7763
4407 7643
4985 3008
5642 3711
2672 6594
5556 163
6533 7597
7557 8143
4255 9116
9617 8770
2991 9766
4036 7834
2105 6621
7162 2729
4610 247
135 9605
104 3249
4895 2179
7615 5529
8087 9366
5509 4835
652 5639
7937 5239
1084 3678
2472 3867
2051 6432
9285 3009
4501 4168
1087 6862
4216 904
3855 5952
7693 3096
6695 8790
3944 3748
3064 9226
685 9608
9463 9256
7853 4439
8566 7607
9694 5724
6986 1377
4981 1794
1905 7111
4654 2669
6755 513
95 9718
5355 2313
4899 916
6749 134
1450 3232
7098 9360
5956 1872
4315 7811
6919 1988
211 2618
3099 999
1592 8028
3688 6542
1843 5574
9705 1890
7358 6525
5207 5576
9511 3365
1505 4800
6413 8553
7043 7877
8045 476
2101 6638
9119 3055
3212 4520
339 1375
7650 3316
8791 5316
1083 1906
9 2200
6266 6870
220 1271
9463 477
1327 9293
1354 8162
6873 4144
2654 3695
5050 6244
8442 3806
3083 1888
6754 4634
5883 9623
7136 2028
7057 4050
9212 4082
8407 5767
1123 5231
4005 3197
2578 3762
5715 7985
5224 3201
2839 8867
2529 6451
3064 5026
3383 6112
2153 2438
8938 6176
8521 1651
8874 6347
3496 5174
4762 8358
4259 9107
8758 2154
5297 159
7679 2170
8784 2911
8825 4111
1248 7570
721 3313
7035 8334
2937 5235
5860 5060
8903 43
5832 6544
8571 282
4763 8632
7860 3359
6575 9199
5043 839
4885 7245
6407 70
1294 7660
6395 9010
3852 3047
6784 8003
7694 953
6353 9587
4853 3060
9805 1442
7553 4565
3513 101
5745 7082
4894 5300
3866 6768
2810 6759
5746 7062
8991 79
2526 5507
3820 2819
5403 7793
6937 6242
7404 7226
3265 5513
5244 3168
7630 3170
8465 7409
7924 5656
1301 9035
8470 1699
4269 8907
2530 9437
9756 2018
6967 9156
8596 9609
8712 6402
2741 2967
9233 6016
8988 6473
1030 7496
2067 3027
1374 3729
234 7167
3688 6253
4931 7232
939 2482
5743 9174
1589 2544
4987 9115
8916 6765
6085 8680
7175 7741
5285 5502
9659 4547
7693 7715
1418 5278
1359 206
1186 9124
7899 3392
4484 8321
1194 1678
3717 3633
8130 5957
947 1965
6428 387
6887 7393
306 1192
3114 189
982 811
2433 973
6350 8111
5375 1117
1727 6576
1013 7976
960 5924
4989 4156
5526 301
9027 705
8749 4995
8468 9167
8667 5747
6454 2706
1332 1400
2606 2674
6836 1362
8034 8433
6023 14
9634 6202
2349 1164
3099 8410
4701 577
3779 819
2382 3286
1943 2221
1164 9699
9053 1825
3914 4739
7851 2788
7953 895
962 4336
1748 2571
7174 9151
8128 7315
4479 7294
8398 7211
7303 6945
8850 1311
6079 2060
5282 5150
679 6318
566 5989
5316 5366
1024 8303
5297 1432
7843 2151
3183 5820
7364 1341
3473 7328
2499 8635
7635 6730
2552 8133
9323 34
3815 3922
6562 9247
3501 4341
9468 8482
6791 4190
7572 3799
9578 2470
9432 7354
7880 499
638 6989
4549 2119
9542 6228
1379 1291
3576 7034
7429 1355
5731 3160
3008 6935
7468 4270
3820 2907
4587 4016
7636 7816
7625 3195
7181 2612
2794 5699
4644 412
9396 2791
7013 6243
3160 991
5941 647
3136 7319
7064 1957
3270 3690
8965 5505
8311 8972
6977 5248
5074 2558
3510 9403
8949 8450
5693 6136
4534 5658
4739 7242
5415 4470
4684 3596
8330 3791
4258 5280
1938 188
9238 1019
1414 2415
4501 7093
9026 5004
5026 3163
5123 384
2621 635
3791 8701
3205 5332
4242 1097
6769 3643
362 9795
5750 8248
3742 1102
3161 2383
2881 7666
7245 511
9849 5193
1187 8651
9482 8059
8874 7522
4369 995
8096 9065
8902 1910
9066 7718
3550 3116
48 1618
8435 5650
2205 2787
7179 8245
2584 7589
9394 3080
9051 989
3787 1280
6409 2496
9736 3208
2074 4058
7191 214
1292 9780
4964 9202
1106 4837
7270 8688
2489 8278
9756 2077
7134 7864
4371 9648
5225 2694
7791 5781
1496 4999
4462 1177
8472 8668
3809 7218
4569 5816
8468 5917
3777 7277
3345 9857
7723 9719
160 9740
2643 5256
3547 3736
5938 4983
3083 1151
5701 3236
6755 4677
1493 3102
5766 1500
4937 5960
2784 5112
6126 7460
4883 1776
4100 8633
1132 9234
5547 2241
225 8734
376 4169
2114 2009
9841 1973
3410 12
3136 8264
8479 2954
9773 2556
6095 8258
3801 4764
7790 8733
7044 1010
7299 7146
5559 3954
9184 9830
8987 549
2338 7854
446 7795
2833 5184
9645 7847
6100 4613
5977 5629
7405 4925
4370 3780
5435 4670
4494 2962
6203 2564
9858 1371
6289 5483
9805 8083
4081 8491
238 6557
6568 3394
1600 8262
947 8772
5314 6493
9128 9038
8973 6964
6416 4286
3883 8760
868 6071
1907 5419
1481 8298
8641 9083
185 3784
2595 6057
5484 245
1965 133
87 6539
7193 7115
2267 6970
6377 596
110 8613
4015 8371
2940 8064
5607 3062
6854 3686
8969 7668
3991 9021
8407 3012
1086 3782
237 4751
9740 9413
7980 3559
1890 4782
9298 3053
747 8171
450 4783
6408 3606
4644 8896
984 6947
601 4299
7610 2155
3061 8079
6493 5517
9019 7535
4742 5601
383 1615
1302 9588
578 4226
2856 467
693 8093
6890 5286
5658 4388
3673 802
5924 9675
3446 1632
8064 844
6735 6348
2284 925
7483 4335
5004 8056
781 5272
9573 3228
1573 2196
301 4904
7510 2500
467 6234
7899 1058
1840 7192
313 892
4437 4825
4547 496
6858 8516
7226 4881
856 6553
5878 4710
6668 73
5737 5190
6217 9136
2761 3138
5183 9601
557 4566
4009 2022
5506 2988
6145 4605
5020 5761
5288 5250
3293 3243
3101 1570
4901 6479
5891 7209
2995 4044
2893 2031
6834 4650
1557 8762
8562 2670
7310 4896
4995 4495
6241 2278
9456 2647
156 2430
5765 9365
4078 4390
3395 1818
7881 1321
2286 7873
7521 6418
5713 1559
7568 3281
2095 773
6544 9757
3155 4048
713 3902
8377 1197
7404 1363
2628 1560
6572 9537
8671 7386
6710 7398
1966 7707
3322 174
9054 4187
7918 666
608 9656
728 9637
1872 1413
3028 7251
9606 2092
5201 2959
8616 7848
2375 6751
6534 8968
5442 1963
9083 7006
7077 3526
1530 2825
7945 1668
5972 1218
9269 7431
8374 1257
1582 8404
8487 6156
2924 336
5664 9007
8921 5068
3124 8060
4226 5908
8074 5042
8814 290
5643 6785
9097 760
2568 8493
1516 7094
2183 2402
8975 2652
3341 9507
1414 950
8635 291
3698 5692
2983 3546
4647 7891
5113 9586
1165 7975
9502 6399
2981 1255
4857 998
4377 6237
3483 893
2986 6287
4632 2603
2122 2860
2842 3804
7910 5788
3854 1373
2484 2834
4919 1372
2873 6771
8271 3494
4871 7197
3721 9734
8919 3146
2892 7418
396 2796
5709 6001
3491 2386
3368 7932
7898 7490
2045 7070
250 1845
499 9788
5966 5127
5352 2731
5666 6053
506 7787
8792 1195
7259 1412
2520 4519
9117 5299
5002 5849
6314 7069
2230 1777
8139 1928
6445 9682
123 8328
9687 7491
3490 8356
9281 7426
1375 3307
1760 6747
5639 1180
3703 5261
5149 1817
6857 3699
9175 5350
1794 5537
623 2872
1651 8552
397 6670
901 5703
1877 2722
8755 6
7832 2725
8367 3396
1646 9834
1291 9030
943 1369
7405 5935
4290 3586
9195 7252
3464 1230
8741 2510
5033 2580
2276 8653
7611 807
7802 1883
1450 3610
432 6226
7458 6401
172 8444
858 6636
5060 4504
1876 9486
6553 4796
5798 2504
7987 5067
9242 6117
3959 8436
4834 870
9513 1224
4401 6803
6769 9768
2016 4997
5002 2608
2833 3645
4899 1348
6683 3420
4661 1642
7100 4718
3041 3
7067 9466
3814 531
1995 5873
2793 8700
6413 4651
3835 208
168 1229
5247 2414
9053 5522
4925 1936
1708 8253
8028 8932
1832 2128
8895 3131
3101 4642
5546 4576
8941 7638
4515 1498
8647 9372
3707 5202
5664 4460
389 6058
9334 6931
3107 3886
6963 9603
5569 5016
1703 3476
3192 4487
1825 3294
2871 3995
1712 7889
6548 53
4193 2380
5284 8449
4472 2453
2428 8217
9359 6052
912 9662
1416 1226
7631 7316
9075 4938
1373 6826
5168 8860
374 8963
5754 337
2356 3241
6968 3602
4656 9282
8523 3437
5790 3186
3885 5545
6818 2554
6901 1484
6926 67
4385 3380
7607 244
7771 26
6229 7275
750 3441
9699 6681
5109 6764
6576 4675
8469 3912
5756 1308
43 9429
2253 8120
4378 9806
2746 2000
9723 8091
6286 6107
6791 1453
9707 1929
5354 1858
7184 5186
8394 6515
9503 5618
1381 1980
305 988
6113 2678
7358 1670
4711 4002
810 274
4323 996
1379 501
7937 599
289 5477
1054 9488
4649 5310
9115 9405
7081 2139
2944 5394
2802 1946
2560 7661
5921 2090
8476 1284
3475 7989
5294 9475
8975 4372
348 223
5724 6261
7112 2858
1387 5105
9539 8816
8984 7875
676 2548
2067 4806
9596 147
8928 8285
5076 2732
8411 5984
3505 2054
4551 4267
5835 4234
9265 6352
6301 7356
6721 2198
3678 8759
8174 1620
3651 8586
2050 3710
8237 9284
3614 9438
751 898
8525 1155
2500 8899
8636 4980
1719 1358
9841 2104
4681 5950
2059 1497
5366 5608
1441 9321
2924 622
5869 8484
8824 2875
4810 9103
2458 6944
6678 9252
322 4637
512 6697
6526 3705
5507 3669
480 8424
7583 199
1936 841
4610 4597
640 8097
6398 3158
6521 350
5557 6138
7179 4686
296 6696
7993 9461
8367 3148
8579 9249
7979 1312
4720 5673
7716 7740
7058 971
681 9548
5556 7352
3469 1787
5328 2347
8702 6720
5406 3406
6261 6902
9440 2137
8245 1483
6533 7777
3350 8085
1602 1846
3170 5262
507 1720
4764 8967
3586 3376
7037 9329
7580 4073
6429 2980
1392 7517
6482 918
9397 1217
2168 5564
5422 2939
668 5823
903 3551
8681 7165
1389 5147
935 4024
9066 8654
5468 5486
3954 1526
9253 718
5776 3329
5715 3105
1344 8338
4552 6123
287 3837
7609 9851
4881 8176
59 6323
9630 3943
8377 8228
9024 4221
9215 757
2770 7421
3029 2816
4936 4862
2242 3493
6402 3789
2916 3184
1242 4393
7063 1531
63 7803
5905 6062
2148 5018
935 2588
6100 1107
8121 4660
7878 9845
3041 6396
5152 9130
4238 8179
4039 3741
7273 2238
1772 5677
9411 6282
6124 3905
1953 7148
5430 3920
5965 8098
5761 9402
4795 8827
5238 7738
4718 1791
6736 9192
9516 7677
6807 4366
3292 2020
1683 1904
8143 7664
3829 2270
8187 7654
2712 2156
1500 4358
3628 3535
6746 2299
4721 5339
6494 9550
9193 9471
1303 639
3987 8542
6712 7011
5390 8131
9169 8261
455 3564
9423 3958
1085 3522
8929 9725
5854 180
4809 325
5990 2261
9808 3026
6722 3544
5976 9646
2441 2867
2487 4831
4923 9763
8001 8012
1437 7708
2988 2506
6354 4929
502 4318
1166 6593
7460 5128
8695 1775
5228 102
3278 5386
8306 2696
1284 7432
1778 5928
6145 9042
9681 2329
4762 7041
4198 252
5148 6552
6531 5740
2461 9658
6105 5953
7424 2543
8338 6703
9711 879
1119 8291
7432 5376
9763 5910
3554 5017
5924 171
9593 4924
1183 3150
9577 3632
4611 1593
2211 2848
2002 8092
9373 9287
4802 479
8777 9173
2764 7257
8482 3687
1823 300
4332 7598
3522 4556
3363 2831
2552 620
5554 2068
5776 4537
4576 1153
6251 7206
5998 6118
5567 2423
6605 4864
2391 1474
3196 8664
2296 922
6079 3492
9282 5210
321 5431
6820 6425
523 1172
6919 5031
3461 653
3821 2032
2022 5470
6702 3275
5141 8126
7007 4791
2779 7015
4723 8498
4168 4451
8148 4596
1536 2688
5791 9619
3628 7846
4241 7900
9558 4542
9843 9850
8465 1011
6056 952
4003 8341
2764 9079
4669 1139
1609 674
1451 6215
4940 8332
3766 5595
3006 8494
1970 6450
4775 8061
6024 6114
185 7355
2193 1733
5173 2744
2915 4043
8068 6849
5813 8691
8141 7478
7367 8574
5270 7515
5098 9106
8530 9320
9383 7343
2252 6457
1457 7157
9855 2583
1127 6599
5473 3793
796 3401
3064 9076
3934 9041
2497 7027
4595 8944
8697 7494
6305 5151
5144 264
2174 9100
5422 8386
5509 7536
2445 7892
2174 2437
5827 1675
6834 4912
6226 4619
9279 9835
3388 2637
7565 4807
5662 1222
3599 9592
5388 1849
9756 3078
5791 8648
1531 5780
3209 1850
1587 5758
9433 2141
398 4707
7957 2321
3506 699
6174 9210
2890 3876
4701 6042
3942 5082
1937 6259
3484 3868
5534 9726
596 9338
7832 4185
3811 8793
4035 3851
1453 1900
4343 2602
4528 6199
8404 4838
4063 7229
9281 9738
1271 6351
6956 5592
5662 5131
4081 6490
7064 4855
9692 4648
3599 2575
6139 3608
3315 3272
399 4288
8811 1691
7307 9816
4919 1014
1364 8430
7874 5295
7639 6504
4960 8347
5814 9730
3862 7461
8823 8464
9461 5974
3185 1394
2928 7665
3118 2957
7241 6317
5950 333
6525 3875
8617 1191
2189 4403
7918 1267
1373 7337
7767 1499
5211 9255
9663 7687
9303 6382
7934 4074
5744 2315
2704 8558
2634 9622
7096 2614
1355 568
6548 6657
1959 1726
5241 9767
7456 8438
9539 2717
971 5311
8752 8276
964 9205
162 8660
2343 7171
4748 6077
1207 9633
9275 6588
2739 1289
8496 2687
9078 9337
3372 9280
600 41
1389 2418
7639 1080
7272 1051
2609 2266
6867 1541
5975 7940
982 112
7366 1590
6826 3664
7714 8229
2951 8936
3621 9632
8618 4911
2231 6869
4280 2405
1858 7479
1177 2172
7749 2665
3662 9860
1789 177
8586 959
2964 9498
9406 5159
352 8426
4485 7183
4677 81
631 9113
2084 4126
1548 3430
7219 9129
8738 1535
9266 2476
4233 7442
5359 2485
8328 4554
7543 5134
1743 9527
9320 8222
2361 6510
1988 7684
2772 3938
6368 1738
9687 2982
9613 6660
5839 3485
8562 8795
7467 8233
3081 6875
7690 8958
3639 4770
2585 6047
52 6958
4565 5993
6754 8619
9054 5707
6257 6370
8126 3166
9294 5982
7112 4921
550 2807
5880 7575
3801 3450
1273 8590
4469 8868
8048 2283
6786 2085
3887 2165
2649 2838
7961 1769
740 4421
2523 5234
4039 6078
5196 8990
8175 1402
4649 201
6246 2626
8140 428
6744 6170
4283 9483
2814 4261
5584 2247
5227 8720
3932 6582
3325 1782
9767 3585
8744 8106
8011 5223
7368 2469
1615 6344
6803 5296
3527 682
9180 8692
8682 6570
6180 9347
8916 5967
9574 7110
4626 5115
3307 618
2829 5003
5466 5443
5811 9352
4917 5453
2245 7274
925 8729
1591 1865
5819 6313
2263 7475
1334 7781
3769 6766
6069 6021
8055 977
3030 1136
3526 9785
8998 7334
8972 890
4713 9618
3275 304
4694 535
8675 5019
9127 2502
2020 4026
1803 1856
4670 1740
1853 402
8577 1645
2867 7340
5522 8267
3337 3297
2649 4272
6471 4523
8851 9220
1530 85
2066 3149
375 8288
7899 6026
6991 1274
8844 3607
295 6141
5330 2681
9633 2693
1565 3658
7918 8289
4173 1796
3576 7240
7518 137
6132 712
1021 8766
5504 8706
1957 8612
9025 3584
2866 7959
7265 1542
9468 5683
4788 459
1632 2633
2194 1564
9139 7692
8105 4623
3645 3898
3127 4731
6878 6312
3997 9727
3546 842
2892 1951
9285 212
255 4400
7055 743
9620 3095
616 6144
7325 4432
872 1506
4943 7407
4824 9747
3247 145
6862 4696
1937 8748
3873 8923
9258 6389
8697 9245
3494 5464
2884 421
5391 127
1314 3347
565 981
3836 7591
9424 4122
1769 9208
3763 9621
323 5171
4550 9846
5928 5900
5280 7695
62 6549
7447 6328
6224 7952
5081 5951
8191 8509
3482 9604
5814 3986
4772 8600
7311 2565
2050 7964
1325 3010
6482 4161
1513 1561
1493 8485
7928 1367
6692 4365
7348 5874
9544 8038
8138 632
9476 3676
5807 8564
901 7501
4177 4638
3782 2885
8072 3841
64 5542
5464 414
3236 308
3225 5700
6224 1657
2899 8029
4385 1611
1255 2420
1347 5906
4165 7489
5567 6974
851 2999
8334 471
6953 7312
3699 8942
6357 2919
507 7813
8612 8754
7148 8797
3834 3320
3148 5412
3774 4164
3226 1543
1194 8970
4319 6417
7955 3652
7257 3860
7016 5922
4951 5077
6903 1103
626 8739
2164 1159
8129 7485
5473 9071
6048 7392
9435 319
1560 969
881 5589
3899 7537
6393 3874
9147 6932
1629 6210
4693 759
16 8809
5159 4088
7571 8256
5870 5347
5054 5749
2884 1471
5390 8151
782 7018
7131 1435
1767 4207
8873 571
1965 5041
6533 2147
1447 2311
2293 6893
6001 430
7998 6607
9344 5654
2274 4575
9082 3200
3359 4108
4748 695
7971 9491
4456 4450
4539 8713
1409 6087
3494 9387
402 4021
5354 3231
9289 6550
1306 9224
7258 3737
5504 3054
3757 5324
8612 6214
605 2046
1443 9671
2389 1074
7622 6801
5793 4578
7471 2812
8621 4932
6822 7582
6171 1089
8638 4640
1168 8389
9021 4636
6023 4697
1129 6609
3081 7469
1791 2683
3167 353
654 4461
2824 7087
7795 425
563 4905
8417 3808
3376 6514
2289 1956
2343 38
6657 113
9270 4793
6549 231
6053 8881
1797 2449
311 9761
6452 5841
2171 2676
4290 6520
1623 5943
2825 9206
8815 6758
9099 6920
5073 3367
9088 6592
3546 4123
9813 8858
2813 711
7965 3753
9044 3479
1714 9200
5311 6397
3896 9458
3443 54
5507 1425
6512 6780
8486 5320
2828 6810
1837 2781
5071 8833
125 3992
745 4761
3235 9803
8778 3581
8060 1193
6703 8725
7806 1833
3602 2131
6448 7215
8226 5782
6787 2734
3899 2903
1284 356
6516 6384
5518 9241
9797 8081
1073 710
7206 7036
9522 8570
5873 9530
9 3390
163 4142
9270 6828
2224 8035
9596 7207
6132 970
6329 5623
4261 91
5007 4486
3361 1886
9717 6303
266 5087
3313 8526
2179 6149
365 4949
1782 5848
3873 8659
7440 683
4623 5456
6215 1424
686 5172
6303 205
7658 1339
9282 8925
6916 6831
1070 6998
1887 1007
2235 9309
4369 46
4687 7996
5986 9060
3249 78
3613 3300
7497 9827
9045 9218
7279 9625
9623 9399
711 8250
2678 8266
6934 3223
1175 4380
6845 5335
24 9810
1104 1214
6932 8331
778 7902
7771 7156
4597 415
733 4977
5867 1930
9711 7446
1594 283
6831 144
2472 354
2858 4668
7330 9327
8675 2926
5359 2629
3121 3357
9517 1406
8638 2102
1928 4118
3853 7871
1700 703
8028 6115
4572 2661
5420 6037
4751 4992
4756 1068
2862 3708
5737 8202
5128 1831
2344 8163
4295 6716
2735 6933
2794 6891
262 5357
1077 5978
1643 6110
2095 1349
7251 2411
6746 7371
8344 1286
7652 5920
9672 6798
4286 8053
6555 3277
4306 4129
5557 8582
127 7185
4918 2902
2041 7696
9170 1873
9774 7223
1880 8114
2191 8387
3 5176
5467 609
4013 2749
6393 6044
6692 1747
230 8822
4240 5812
788 3620
4647 1718
6583 9450
9854 7827
3697 4722
6795 5137
1721 850
3203 6269
6575 3129
9170 5549
7265 6358
4218 8016
1410 1949
8731 8813
7091 3282
2612 5194
1432 1755
9423 3933
1803 6153
6824 3371
5556 9181
3718 787
2155 219
3764 8070
9854 2627
2258 2639
2141 4445
4973 1852
6403 2611
6897 2239
4674 9470
6545 6458
5434 391
9594 1459
5275 7897
6724 7727
8490 4028
8706 7451
4367 4194
4841 1595
7440 1639
1627 6837
1365 2573
4900 3342
588 481
2618 8364
4742 242
8649 1249
6206 8933
7601 1737
678 5013
4508 5837
1829 2865
1328 6643
604 8997
1201 2314
6188 8787
6683 9341
2189 4509
808 1896
128 8954
1526 553
3675 8776
6838 5345
5293 8512
6329 3415
6016 1036
7996 6444
874 3894
5082 8576
4980 2850
5486 5514
1145 567
9325 2271
8147 9011
8946 3755
7958 1313
2770 1766
4234 2350
753 1761
3585 9691
447 4324
7987 619
1636 4561
6464 497
7105 1894
3615 4691
6542 9358
2882 7261
9053 7217
26 8674
4675 3427
2347 1667
2165 5612
9584 3642
2317 4055
7634 5313
1852 5646
7341 5346
8000 1709
6016 9570
3613 4066
2796 3813
1865 1228
7765 7655
5618 2298
2694 9804
9113 6832
243 3758
4456 7516
5269 4704
1897 3771
7398 6030
3117 2720
5187 6652
2024 7430
4807 9209
3569 8704
9323 4239
467 9063
1452 763
3538 6904
4335 1430
1458 8425
2241 8439
2318 7509
4537 1258
7932 7026
3202 5988
1891 9009
3035 783
3031 3594
1128 8181
2439 2591
206 7653
2725 4860
6771 9214
6103 942
2170 5079
5598 2718
9392 6447
1074 2620
7285 5857
1682 5997
8231 4914
7692 975
221 7844
6692 3775
9005 3567
7576 8985
4441 5667
9835 1864
9259 3848
5515 6997
9603 6089
8814 6496
4014 9271
8344 9449
5154 2849
3113 5708
3775 2776
1865 5539
3088 5896
5987 3002
974 1960
4146 4798
5885 1597
5051 829
7880 9345
2733 7428
2807 2326
2734 1578
6664 4933
8067 6459
359 56
1 3609
9224 3726
7299 5566
4996 4608
6579 7331
6323 5851
1569 5056
4629 6487
8069 7329
2344 9733
3652 8593
5141 2149
8035 1252
1265 5267
1194 8911
5231 7249
2761 1779
2585 1679
3385 5243
5129 5850
9186 2187
3118 2738
8642 4612
3122 2429
7165 2473
2817 7603
2284 9012
8322 9049
6968 1126
3904 2651
195 909
5433 9455
4849 9222
4233 9754
5696 2503
9821 8458
3096 3573
5643 8363
6316 45
3551 8901
8788 3654
8512 3616
1760 71
6273 8155
8277 7454
6536 4499
2463 6877
3746 6676
9361 2040
4556 8623
7099 136
5761 2222
8813 2087
1382 6942
7999 2515
4177 7896
8926 8201
8553 2157
3767 774
2370 5675
4460 7234
8230 2505
8158 1227
3547 7120
3726 3023
4581 1408
9343 8696
38 3802
7564 2994
4896 794
9830 4705
8920 2868
5601 7365
3757 6082
5757 8528
1224 1335
7610 2400
7278 1113
2514 7893
6678 8961
7610 3210
4622 1580
5241 9581
2837 9389
282 6040
9623 7387
8356 649
9358 8807
7169 924
7318 9085
759 9666
8854 4311
5863 4910
5618 2450
6370 5605
9461 4808
2344 1393
5177 7519
8649 6109
4418 800
1869 7796
8983 5923
9095 7561
2959 1039
1520 752
1879 4333
5943 7657
5378 8190
4663 3587
4642 7065
8063 9390
7841 1710
2456 3458
960 2935
5427 7390
2817 8715
3699 6116
7164 9545
3056 5331
1634 2513
5283 361
7048 4488
5512 7383
121 6335
6947 31
6604 3555
9668 2879
209 7862
1902 6121
8428 8820
7965 2359
2785 3043
6952 2332
2606 7895
6009 8188
4893 1730
6152 8686
5269 4405
6047 4253
2805 6238
4877 2256
1845 6612
856 6918
9105 3877
9242 4375
7433 8908
6763 2757
1697 6191
9040 9093
6275 233
1707 575
5271 6392
3075 2446
8874 235
4558 8369
2100 7826
1503 8232
9614 8051
2458 7152
4725 456
1680 6160
4598 4053
3958 5525
6543 5459
7263 8892
8330 9336
4361 438
1764 7049
5538 3511
6342 6671
7846 6484
3915 831
3181 2567
8399 5189
7661 5959
5699 4411
7039 1550
278 7213
1165 213
9768 500
6656 6499
8160 4431
6595 2323
692 6808
2518 1456
9614 6039
7070 6093
3978 3994
9670 6698
7021 8804
1884 8513
1457 8095
2033 6949
4520 4246
5608 1108
1747 4972
9203 3404
4563 769
7021 8057
6302 8756
1013 6285
3228 5218
155 5393
5261 936
5988 3845
3085 3953
6312 2949
4096 4543
6500 3022
6080 4220
5611 6284
8647 5185
9495 5606
284 7764
5410 3230
2296 3213
3202 3540
2510 246
1891 1685
3359 9213
4596 6729
9273 2640
8102 6925
6640 4708
5478 9267
4692 8504
798 8214
4868 5691
3823 8065
4027 9683
6377 2322
2755 954
909 1941
5402 7060
9537 1996
3100 7295
3557 2876
1202 9820
7304 7798
9022 6573
4198 860
2488 9335
395 5738
7943 9382
965 1816
6359 7022
8141 1162
9448 532
6563 6802
8469 7042
3608 5365
2017 3132
7492 3344
8176 2550
6261 9764
9205 5327
3925 636
4100 2913
4918 3553
3515 2682
8279 9059
971 9775
104 1044
8332 422
1518 7506
1855 3981
6855 2467
5068 1006
6911 9328
4294 9182
8290 1563
2693 5681
7113 716
4428 8046
2829 9572
5516 140
7662 8736
9182 8104
5227 2844
7754 8437
2720 228
5450 7248
5760 6315
1309 6497
424 6472
9465 5206
4590 826
9219 7425
3977 8597
3385 2297
7490 489
1952 9416
2999 2777
2192 6567
733 3428
6899 938
1459 8474
6732 2516
867 6195
5751 9223
2438 3626
5863 7003
7432 1465
7736 9563
9201 8835
8127 5810
7081 4601
2014 8800
665 4771
4363 1018
733 5711
1166 9759
2372 5312
9439 2004
4275 1792
9631 2236
3594 4492
9371 6222
314 5858
5974 3110
5675 3565
1727 8637
9726 4641
2642 2877
2523 8495
4658 1477
9078 6969
8836 1750
6116 5717
532 6061
2030 5307
6305 3240
7935 7647
6732 4570
1152 6106
8471 7466
3003 4760
1822 5872
1237 7336
2602 5369
7781 4944
5429 186
1791 1515
8202 1463
2547 9444
5265 617
5428 7713
8189 4034
7639 4978
5791 9351
7177 5497
8740 6895
829 749
5391 1827
8040 3796
7192 3004
7333 1338
2692 3543
3355 3539
5970 2716
6619 191
1753 1380
8549 9710
8358 386
6146 152
6338 1111
7875 1804
2078 7821
5262 5669
8558 9185
4278 3176
577 5401
3282 7750
4103 4884
1925 4635
4687 727
360 9840
6544 3765
609 4639
1924 6743
9095 9141
3580 6745
155 2840
7450 4099
1542 3563
7665 1200
5843 7531
6108 1404
3831 8400
1086 1490
1881 6662
7278 6851
9532 6167
9386 5617
301 10
3918 3844
3383 2896
3983 7220
6557 4357
160 4196
6132 2240
8064 5106
2748 9552
3026 7726
545 7395
672 821
2310 6420
4072 454
152 6805
11 5291
8207 2600
5977 6790
9750 547
626 4062
398 9712
3290 8118
2015 9132
5786 4121
5284 410
5177 2368
8165 8454
3088 9653
7963 9420
3557 378
5397 7829
1347 1621
7664 458
8778 5208
1419 7267
1135 3667
7159 9232
2194 4836
3163 9524
1906 4747
9450 5600
1680 2975
7070 4755
2441 8031
1176 5487
3897 8443
6428 9276
8231 5596
2092 5381
7379 1072
4584 3354
3789 1492
3951 6882
4733 9779
4487 4075
164 4473
3405 4251
1154 8531
3346 3578
4896 1300
3548 1656
227 3133
3280 6194
3743 877
9802 2599
6048 1082
7785 1671
5349 7810
3805 7437
8898 5501
4600 8723
5297 1449
8920 5697
8475 1063
4596 2355
2929 5249
935 9077
8375 2763
3172 275
973 8716
6076 3591
9452 6602
7613 780
3736 6000
4932 8876
1136 1940
1545 1427
5485 7890
5667 770
4004 8871
3656 2159
4640 2166
8995 7321
2466 4609
3707 1987
9722 9521
7387 6679
414 9121
7784 7709
671 7525
1640 175
8968 6892
3579 2176
8313 5220
3649 8395
3016 7528
4854 3760
350 7138
1768 4873
2196 7852
7530 1861
3840 241
5921 4803
807 9743
870 7323
946 1673
6908 6249
4594 919
7883 7338
3506 6258
7496 3582
4644 7942
6304 3962
1831 625
3241 6290
8044 7936
174 2972
1260 6365
9501 2930
1338 8333
2954 1508
5806 2579
6451 3781
667 1630
7168 4928
962 4399
5137 2220
7715 8499
236 3497
90 6900
3339 1199
4766 82
1707 8837
9511 4898
3741 2204
4503 4279
4367 4891
9132 7982
359 4449
7011 7324
1534 737
4605 2721
4603 8999
3880 7674
7863 7587
3522 2953
9420 40
1726 4787
5067 6172
1689 3772
4860 1786
9549 5198
6786 55
9026 8583
8298 4653
5141 1889
5624 6322
9169 9304
5986 8393
977 8852
7600 4102
49 2019
6407 8711
2493 9074
3480 9190
8711 687
3002 610
1516 8010
9740 2797
2011 3465
6831 2371
4877 7856
1405 3439
1273 2586
6744 1056
7821 8726
8450 6279
7822 7201
3953 4178
2807 3910
4430 462
2625 9197
3991 3720
6948 8249
2314 5119
9821 1421
8770 9559
2736 4823
4959 7221
5187 138
6270 4022
7609 5875
8693 2093
8783 2855
5960 6586
9416 9330
9114 9669
3400 1693
2372 3253
962 5318
5011 1687
143 1167
8145 5191
3003 4845
3438 8502
2380 830
3086 4132
5329 7104
2517 5902
9243 74
656 7369
3496 5540
7000 4532
131 2934
6697 8327
3674 7566
2817 3797
7861 3174
2863 7825
4123 2071
2093 5889
5423 251
7269 7911
7643 2740
5580 7704
7868 5725
7946 2115
7866 7590
52 6349
7714 4209
595 7054
4702 8263
6582 7956
8009 7556
8815 1462
7759 8945
6046 1037
8245 5253
2877 1771
9430 9739
1522 114
895 1908
8766 229
4770 4415
5367 8345
7880 6564
3017 7809
2284 2103
1267 1403
3476 1142
7741 7766
485 715
528 6307
519 5370
2650 154
9666 6792
5653 1728
3196 4812
5336 5676
4250 2378
396 7926
4419 3807
4847 4531
9224 1574
8647 3449
898 2426
7122 5387
6430 7563
6874 907
1830 849
4594 4222
6341 3360
1869 8037
8881 6033
1343 7906
3833 1094
7109 551
3965 1320
4668 1969
7411 6666
68 18
4352 4094
9742 8326
4444 6982
8380 2709
2003 8514
778 3087
1758 1215
5553 9288
7502 1385
7451 5257
5376 1944
4461 3453
3979 47
2617 8088
8360 3795
2578 2290
7634 8208
3868 2124
2889 8302
1690 1921
3000 7774
7373 2545
1899 8897
5851 1848
2817 6923
9333 926
3851 1029
2961 7711
8830 7187
9659 2127
8001 8563
1198 3792
5916 6183
3650 9636
9803 9229
5885 5240
6786 7577
301 8445
4955 7095
6089 4188
9820 3222
3812 8324
5794 2541
2943 9602
1379 1839
6837 8690
5811 9479
6232 2931
2116 9443
5254 6672
1418 9171
7539 1954
9788 3111
2177 6070
5552 7236
1487 2818
4979 4
3611 1774
9026 739
6429 1981
1655 6883
7951 9735
1557 8650
866 7415
9687 5742
8988 5937
5059 4879
7742 176
1483 3488
1669 4006
1337 2097
1728 99
8719 216
3149 1835
5405 4606
325 9131
4868 9661
863 5252
1947 5913
797 8396
6602 5940
1558 822
6985 6793
9039 7126
7182 7222
8762 9159
5615 1057
2824 4113
6069 9290
4285 5999
5338 5084
8247 2082
4043 777
4481 4298
4145 7542
2471 6608
1328 6965
7569 2800
1745 8673
9565 722
6988 6326
4087 1716
4375 3871
1515 1028
4401 2288
972 8361
2501 6400
2332 9822
395 3864
1485 6442
536 9690
2396 309
5961 905
7474 1913
9813 2447
8355 1234
7429 2432
992 6737
5851 3097
3938 4264
7726 8610
5111 9701
4766 1628
947 8401
679 3330
6093 466
1509 534
536 2783
8420 4474
3003 1210
6762 8013
3844 9110
3149 5671
4671 7588
1479 4321
4703 1922
2311 7051
5248 3803
5470 7413
3611 1633
9334 827
7531 3069
3317 8243
5658 6909
4132 5165
9541 2923
6902 1501
8646 508
4311 3233
6999 2365
3513 3431
1343 3785
5553 6835
9093 6815
9260 2206
7378 2958
4660 3416
822 4181
2844 4083
7785 7801
3478 9426
8832 4493
8860 5008
9341 3052
7833 779
5273 8859
7445 8169
2982 8296
1028 6443
168 5763
3636 7228
3187 6830
7464 8603
6875 5936
2596 4525
7947 6530
6233 5621
3811 756
8695 330
2655 4562
6669 3433
4126 7579
2139 2852
7098 3647
9589 2412
5489 4274
1995 9183
3534 2883
6684 2536
3182 493
4831 5325
4091 8423
6865 334
3824 298
3771 4215
3625 978
8451 1026
7002 4821
8635 4870
3443 6209
5626 3524
4439 6007
1742 2173
7753 8304
550 3672
7202 8810
1152 746
8405 9235
3268 5242
3298 4517
4271 1631
4655 9299
3317 6734
3014 3179
7390 3334
2131 5759
4532 4522
6322 4507
558 6693
1461 3692
8117 3188
429 7370
9785 8456
9566 8415
7816 3386
2336 7887
4662 6204
2137 9356
9592 9126
7896 6757
2123 836
5438 1455
4708 4527
8082 8301
8173 5421
6484 2080
388 8880
8169 9172
4765 2551
1122 6753
2637 371
6325 7920
683 2328
4181 669
7020 9108
2594 332
668 3975
7521 8707
9540 379
8204 8658
1843 7075
4586 7558
3593 7683
4372 1143
1857 2052
9354 4908
9391 9777
7043 8598
581 4827
9340 3612
2686 9571
9671 1211
4723 6247
3177 6527
6014 1802
3812 4065
4189 7010
3567 7372
5182 5679
3924 3531
8082 9055
4613 9555
1855 5259
677 6027
4493 8489
311 150
3882 3936
8631 5633
6753 1532
688 4861
7970 9349
1975 5541
6276 4256
4791 6673
9176 2216
7275 8900
6883 7025
2790 8329
6463 1368
9315 9008
629 1190
8876 1282
5334 8153
9271 5030
9675 5829
2376 8161
9508 7547
8733 6064
6646 2946
6055 4724
2268 4229
5401 8864
6470 4289
282 1221
4138 6569
2290 4818
6686 3408
4867 2251
8363 469
6484 3248
6703 3800
5405 8310
769 1993
7513 8432
2458 6881
9143 4376
282 8775
4610 9828
1165 786
1894 738
2351 4446
3329 2701
8320 3923
5886 530
8520 734
2434 8446
917 3092
4551 6330
7010 6094
734 1644
1551 1316
3379 680
6269 7671
4962 343
8060 1552
3893 4878
6124 4745
4532 5503
2348 8624
2911 1672
6108 5979
946 8154
2095 1650
1690 7422
7350 4442
1204 146
257 1454
413 3723
1516 7776
5811 7614
5113 4386
5006 589
4694 3857
9442 7244
2948 3432
3066 7256
594 6718
6005 5199
9545 6996
3266 2027
7666 1179
1171 659
7828 944
2276 3356
7862 4031
9517 5095
9179 4056
4457 1968
954 260
3469 258
648 5575
2601 6498
7623 8457
8444 1239
4356 5888
1018 9262
5992 8685
4025 1986
5158 7376
9785 7745
5424 5167
6578 5543
5942 7477
2386 9791
4956 4630
2060 880
3761 5871
2337 6717
9506 5368
892 1423
6498 2088
844 509
6569 1401
8712 825
8919 3604
6454 4685
1946 5126
4700 6770
5522 7686
402 203
1675 7046
9661 504
4770 6231
3136 3123
7356 5274
4443 3509
5462 3605
4663 8534
2547 1081
4363 117
7557 5550
5726 6910
567 7499
5940 8270
2381 5372
2286 1893
1101 5712
6791 5425
3680 8391
7932 4616
6593 6332
1529 1847
5635 1042
1756 2377
5233 6165
6104 8408
1051 3460
8884 7076
7787 4210
4388 4077
1283 627
9708 3696
784 9250
2203 8630
2035 2533
996 1116
6677 2324
6937 7142
1898 33
6071 5609
1991 3956
2963 7230
3844 6421
8468 5680
3845 7752
9380 503
7707 9737
9027 9109
672 5326
5169 6201
4767 4859
415 3627
3639 1677
5774 9370
5725 3308
23 2841
6080 730
2262 598
8500 9861
8406 7870
9402 552
7112 845
6905 7271
5782 8370
4086 8548
6532 6221
6374 5179
3830 5944
40 5912
1907 1824
4704 4557
1298 5057
2697 6184
434 8293
8516 5533
1262 2677
7136 7448
2980 1144
6336 2398
8032 6277
6418 7199
3547 5118
299 8025
2691 3648
8542 7014
7017 9467
187 3968
8026 8986
9346 80
829 3048
3479 8448
5764 368
3305 1340
1149 1125
1086 8614
7900 8274
7662 4848
8846 6297
2598 8547
8742 2079
5506 2333
935 2408
3517 7
5569 5488
5610 6334
5381 5392
4003 9853
8721 3917
5725 6090
1872 3215
6214 8186
8650 2521
2442 6797
9100 4716
2969 7190
9690 303
6722 4340
6051 3050
8126 100
6322 6896
5649 1808
4429 2210
7501 4097
7830 3239
9680 7208
3497 2941
4188 1596
1453 3514
6681 4225
1098 8737
4391 4815
1421 790
2935 9148
4167 8782
5049 8872
9626 8927
3287 9457
4867 178
5430 8587
451 6556
2836 2340
7702 5535
9716 8413
8191 4993
9643 6013
1733 2416
333 6994
1259 8904
8244 8246
5260 8150
1876 864
6816 642
7995 5100
2478 3941
2878 3644
77 1342
8164 8561
9796 4633
626 1277
3014 5096
5450 6796
832 6147
6834 1895
321 2379
3929 5495
4257 3477
8111 7484
5178 7459
8151 3489
5689 4546
340 4544
2159 4166
5634 1711
355 4214
2445 4768
336 8625
3261 6031
1540 1287
5069 5039
8093 7463
2549 2008
2444 256
5117 3418
5120 5066
3857 6546
5029 5909
2957 2065
8342 5824
9353 2711
4845 1069
6564 8416
5310 5090
5656 3457
8892 2766
8239 670
437 8422
873 1333
6114 7670
7653 4741
8038 5268
8106 6131
627 7737
8962 6239
9569 8853
9814 1433
909 2851
5580 7284
8909 2952
6797 6624
5730 7028
3135 6230
6152 8687
4813 7123
5995 2260
6918 1653
61 5444
1725 1067
1577 876
6964 6561
5736 4067
1883 1470
5566 4500
9678 9308
2337 8427
8275 7908
6706 2846
4674 1652
5759 3198
3588 4773
4071 7247
9552 3412
3677 1781
9429 312
470 4436
3896 3635
1974 6773
5738 1041
9786 529
7228 8392
4623 3434
6891 9833
7373 641
6866 5682
1806 5086
7140 7831
9247 4047
4051 7743
8995 2362
6295 5877
7175 1553
5879 5627
1042 515
8813 4776
1576 9291
5564 897
4224 4041
8487 2671
9652 6256
7667 390
8900 9824
5681 6361
7772 7986
4798 1955
5004 6260
5855 7332
8082 4120
7143 5562
484 5205
5704 4829
121 7960
821 3364
1809 3244
7211 8075
3231 2005
3751 9101
199 8940
6318 9685
203 645
7472 2702
5300 725
4444 1610
9115 3839
5563 3566
1404 1659
4544 1386
3357 6356
5948 7923
4597 2021
1031 5460
9718 1538
2470 8620
6409 218
9061 346
9637 2592
868 4652
3072 5093
6223 1920
8622 5175
4414 9755
7326 614
496 3668
2781 5304
9430 2120
252 5135
5019 4464
8246 5714
688 441
3317 7994
1731 6006
3016 3838
30 6936
7382 1923
4931 273
4858 9295
7028 9257
440 4934
9304 32
6366 9703
6735 6833
6623 6596
1660 2607
5385 3819
7314 5859
3669 8071
7388 2037
9383 6880
2117 475
4248 4459
2442 9086
7441 7508
4642 1616
8099 2542
8955 7238
5089 587
1977 2300
3634 3362
9033 6843
5176 6469
4826 419
5372 7135
1092 5741
2743 2646
5198 2524
2135 8227
7684 2920
2903 6637
7060 2745
1775 1984
8678 5414
3702 1874
5392 7685
1606 9408
5463 987
9382 8113
5694 9514
5464 8259
527 8743
8581 1556
9740 9043
6290 2094
8451 9665
3693 9753
4522 5426
9116 7618
7102 6075
7491 8434
9513 5344
2501 5657
1612 452
1723 5876
5940 5472
5741 5301
5670 546
9497 6015
994 8808
2338 3946
9267 1939
2463 8629
1792 812
7816 8234
8865 5197
3404 1491
2671 3057
8854 2013
6297 6731
4196 5625
4705 5139
3131 6976
7009 4105
2799 400
486 2061
6315 4548
5788 7470
37 6436
1237 6844
7949 1231
9296 1999
3819 793
438 7850
6889 6633
5652 8441
898 7797
2616 4463
553 2302
7050 5492
7043 5604
4071 4673
9176 6626
6207 2107
4881 7649
9355 8199
314 3630
6827 1637
8094 556
7017 6186
3751 3499
8665 3706
8220 3299
983 1299
7349 9326
6645 7925
7143 4452
6155 8146
568 6311
5707 4174
1982 1983
6430 6178
5934 8397
2893 2075
9702 5914
2512 6127
4913 7710
2299 3861
8944 7153
1051 1834
268 885
1027 5748
1029 3091
8428 2228
9508 4657
557 8254
1482 3021
6256 8373
9010 27
3260 4349
8409 8628
8837 8679
1509 1820
3461 5245
5577 271
1045 5586
7691 8429
7577 7915
5643 6617
1399 3545
7360 4304
7092 4033
5286 875
163 7053
5936 3221
3620 6574
6645 7047
2489 4468
4256 1472
9172 5930
6188 7353
2135 5499
8360 1770
9282 8240
639 8030
5228 3193
8793 4095
3498 5021
840 9837
2780 8676
8839 7335
8019 3321
7749 8159
1349 7872
3242 4195
3526 9300
8354 4247
4793 6951
2418 6308
6556 1161
4122 1826
59 5797
1552 929
583 3098
2444 9087
2013 1674
7957 9693
5579 765
3722 8551
3101 2821
9651 7789
4306 8269
5126 316
5858 1504
3551 3254
9858 6213
284 17
240 1942
1896 3716
79 2762
3533 4317
6113 2281
3910 3988
883 3733
101 1696
5848 9348
1067 4832
7225 4143
43 4790
5604 5080
1342 9649
9183 7549
7827 1842
5055 2195
2441 4922
4532 2047
3887 6101
7654 7243
4723 1182
3032 8767
2586 3084
7905 4079
5468 6476
