7719
5060 6025
6025 244
5060 7343
244 1265
5060 7404
244 3353
7343 6882
7404 6426
6426 5390
6882 2291
5390 497
7343 7456
5060 62
244 5569
7404 772
3353 3992
2291 6535
3992 2534
1265 3449
497 5886
2534 3320
6025 4445
3449 4878
3320 6594
772 1835
62 1109
244 4138
6882 6159
3992 1087
772 3158
4878 2668
5886 3459
7343 1337
6025 5547
4138 970
5886 4018
7456 2399
6025 883
3158 3852
2291 3043
970 245
1337 1951
3852 137
6159 1971
3449 5031
4445 615
3449 6948
62 6280
970 2899
772 1328
3043 5975
1337 3247
3043 3611
3459 3743
1835 7293
772 3849
970 2969
7343 3272
6025 1164
6948 6016
1164 5338
5338 942
942 866
942 3200
3247 4868
7404 7257
1971 3953
6159 5823
5390 6752
3158 1751
3953 2780
4018 1111
7257 5522
6016 4532
772 3881
2780 5472
5522 4035
5823 2156
3992 7716
5886 2813
7404 6676
4018 2062
866 6520
1971 4234
6025 1225
6016 5674
7257 7009
1265 6961
6535 3784
3272 4999
772 1019
5975 4961
3353 6964
3200 1356
6594 6677
3852 7324
3449 6419
5060 3351
3320 7263
970 6883
3200 6110
2813 2638
2969 2474
1356 1339
2474 906
1835 1505
2899 2793
5547 4298
1019 6248
2668 5602
2780 917
3611 3322
906 3455
942 7652
1505 2507
2638 36
4234 1077
2534 4171
5031 3769
6535 584
3459 3253
4234 6598
3953 4747
4171 7699
2969 1901
4878 2542
5975 1196
4445 20
1019 5785
1019 2510
3200 4014
3849 3933
4878 1719
4035 3131
6594 6058
6961 2373
772 3445
3852 183
2899 1072
3852 1813
6426 3288
917 3657
6594 6364
3657 2000
1835 3438
6016 6811
7404 1467
3852 7547
7456 3013
6025 3552
3611 1559
5547 5555
6016 3723
2291 3377
3131 2814
6752 1004
6426 6327
2668 6469
4961 2191
1951 6767
4532 312
1467 4472
5602 4545
6948 2880
7324 6140
1505 6229
1951 4575
1072 959
2474 3639
2780 7607
3043 4226
6140 5453
3933 2033
5785 2879
5602 6177
1265 7614
3253 4048
2814 3497
3247 4955
3639 593
6752 7110
5522 2427
6177 2766
3657 2171
3445 3651
2780 1857
1111 869
942 6404
4014 7241
6961 1833
7009 2247
1833 7291
4999 1640
2880 7412
6229 252
20 6146
772 5388
6146 5675
3611 7181
1337 792
6426 1862
1640 275
3200 7118
245 5683
5555 5455
3657 4881
2427 1363
3320 7007
5602 6048
2000 3090
7118 4598
2399 3120
2534 6612
6948 2479
1339 3003
1265 1064
3120 121
62 1033
1339 3283
3445 1865
2638 4756
3288 2079
3769 64
6248 4697
5522 3191
4955 4423
6364 4504
7614 6081
4868 7451
2780 243
6948 4950
5569 6877
6677 762
3377 2967
1087 953
883 6425
2474 6627
3611 5396
2542 2715
5674 1132
7241 323
2814 1598
4881 1543
6677 7667
5388 4033
3253 3358
2033 2630
6961 2430
7451 1641
1109 6531
6419 749
4575 3042
3438 2612
6081 6013
2813 7681
6535 2131
36 1488
4868 2471
2510 2449
2479 629
7257 2388
4545 7565
2780 4509
4014 1419
2479 5830
4598 1739
3459 6966
4999 7329
2479 5673
7614 2145
6961 6919
5031 2009
323 2437
2479 901
1004 1728
6425 4880
7263 2719
5388 6858
3852 6832
4423 7554
245 3900
4138 2710
3042 1827
7667 4388
4423 2380
901 715
917 3317
970 2184
5674 2834
5060 6386
7652 7296
715 3939
3552 5758
3900 3178
3043 862
2793 207
183 1441
1109 3537
6177 6
3723 2919
5569 7707
1363 7504
2834 2397
3849 5157
2449 3392
3283 7059
3552 3656
7257 798
3317 4496
2062 5210
4423 386
2612 4189
1857 7058
4881 72
2145 4328
2437 360
593 400
6 5622
6832 1994
4756 999
917 6793
2814 3566
6535 4440
6140 3465
7181 4943
6048 6382
3288 1278
5388 4012
7291 7691
2247 6300
5674 5475
2399 961
798 3642
1064 7580
4880 98
2380 1296
4532 7111
3317 4866
244 881
7565 6233
6598 2740
7293 3704
3353 6429
6248 6236
6404 3169
4014 1890
2079 2281
2471 6413
6425 5905
7667 5824
4234 5220
7241 5471
1019 4389
1813 5625
6233 888
72 3402
497 3696
121 3396
4509 4649
906 4574
3465 16
6811 6855
1719 4956
5823 464
7691 4912
1164 522
4756 2039
2710 2490
5031 2390
1813 2202
2510 1516
400 7719
4328 6697
5785 4543
183 3022
6425 3668
7456 5621
6413 1710
4961 3109
4574 1129
3131 7123
1739 174
2062 4381
4574 4100
5824 7679
7412 4043
4328 4219
6 1734
4747 4858
6752 609
4878 7460
883 5118
5555 5173
5886 7347
5683 6130
1467 4582
2880 1044
7123 1288
1813 1722
4100 3227
3900 7414
4912 6797
5455 6317
6919 5580
5621 4016
7679 577
615 5629
6146 3555
3465 2927
1543 5688
2399 4712
6159 7177
3272 1194
1516 5336
2247 1480
3396 3480
6531 1104
1132 7366
1994 776
7699 7239
5471 4418
5471 2292
2062 2705
3402 4111
7347 6849
4532 48
7580 1232
48 1649
62 2604
2612 2027
7239 2682
3445 3025
360 2776
2776 5434
1734 7384
3704 4278
1751 7115
2191 2480
1835 5704
749 1063
1164 4594
6233 2276
7181 6043
2479 7603
5547 4620
6300 5258
3480 31
1862 6481
7607 3185
4950 5773
6767 2607
6236 4439
1111 7616
243 1416
3131 197
1862 744
961 122
1813 7464
3642 6215
3253 6318
2276 1582
5580 5365
2145 6773
577 409
5390 4397
2638 5919
584 4699
121 2225
5629 1694
5622 6164
2191 1318
6426 6978
970 3858
4472 3405
2156 4872
1225 5653
4418 7606
6016 2411
883 5017
2630 3416
4100 1138
1296 1689
1559 4155
4598 5832
1689 5770
3953 3336
881 948
6849 6080
798 3577
7329 2947
6676 140
5830 6381
6676 1702
2967 6258
1480 2001
3043 4247
4234 1101
6164 517
5683 7648
1467 3004
2480 3941
4858 2086
6382 2911
5785 5591
2430 474
883 525
7324 5967
6919 3618
7616 6997
2397 4631
6080 858
7504 2377
1416 166
3953 4003
6080 3198
5770 1680
1019 6153
2705 7077
1265 7628
6858 5802
7123 4926
1813 3746
6048 5265
6146 7425
3497 498
3013 1250
3858 6379
2766 382
906 4836
2490 3846
3723 5092
4043 656
3657 7338
1951 4727
2740 829
3933 1134
1328 5058
1559 2556
6381 2395
6080 729
3642 3594
4440 5586
140 2211
3858 4590
5475 1848
7257 1730
7648 2802
382 5528
6767 4490
6404 5395
3618 4659
2507 7712
5471 3963
1132 4333
5591 2644
6919 3032
5785 2412
3405 3572
2276 6103
6043 4942
4298 3883
6858 7467
4942 1121
3090 443
6258 3331
3043 2126
7652 5007
3198 1563
3405 7082
4100 4771
7667 129
409 196
1649 4821
577 2432
4226 2520
2479 3104
3552 6796
1044 2218
6317 666
5390 5330
6469 135
3618 151
7347 5492
7338 1993
3283 5738
6043 354
3480 5208
3480 4903
4598 5213
1680 6991
354 2633
6140 1457
2131 3685
1835 2018
3769 2713
2479 3786
2276 3663
970 1233
6236 4502
7177 7697
1138 4837
762 5606
1356 4151
4234 5777
3158 4473
5674 6861
1121 4946
4439 1413
4043 1662
1719 2132
1662 2310
7554 2280
7628 2964
7007 5242
1734 4685
2776 3102
4278 7135
7697 3163
6773 4225
999 4876
744 263
3247 6134
3200 3603
4685 5733
4509 3387
3247 6823
196 4798
5886 7046
2027 2817
5905 1321
3651 5634
7241 3744
196 1503
275 2058
1339 495
140 24
656 5550
1722 7711
4747 216
20 5682
7707 6779
1109 2722
3405 752
829 750
1971 7099
2969 469
2710 1616
7712 4506
3992 1020
7697 3799
5058 5368
4712 3293
3351 3553
3353 7256
5210 454
1480 5548
2009 788
7451 1648
7716 1575
1516 3296
5396 640
2490 152
6080 3249
2001 1624
48 1202
4881 3448
5118 1052
400 2891
749 3891
3331 2069
2018 4531
577 2321
869 107
1232 3867
3178 2937
4837 4142
1104 4673
729 4265
5434 3778
3883 2769
3769 262
6140 7427
4504 5353
3577 5984
2395 2250
5674 5623
961 3768
1356 3598
3657 2453
7456 7160
72 6924
386 4863
7614 2789
2131 1366
2292 5519
1467 6179
5832 3285
2184 2593
7082 7395
6919 6343
6080 3016
7135 3702
6793 2383
382 546
3185 5225
1233 1173
4649 5880
7293 6265
3603 7198
3331 3389
6 4844
3480 7139
6164 1364
1366 4321
5802 3078
6676 1262
2879 4354
2510 4778
4225 892
2713 428
6229 3542
6280 5250
5475 2477
5824 1209
2009 1790
5058 7391
829 1918
4878 7592
4836 7677
3013 346
7614 1549
1662 3960
729 5201
7616 7482
1730 4224
7139 1587
216 4294
6318 153
3784 1271
4473 228
6997 6866
6961 1868
3351 5619
6381 1141
4837 1120
3769 2695
3109 1325
666 3333
6924 7041
2276 5407
5548 6463
3377 611
2740 6325
2009 6131
4699 7317
6025 1125
197 7694
6811 6754
1202 2442
3078 5101
1662 4689
862 3564
5118 4847
4582 3139
1467 2382
1827 4733
4033 1637
3389 1450
1662 332
3178 3947
3778 1723
2766 6329
3553 4621
5683 633
3992 7124
3449 4147
7082 1212
6048 5600
6327 6213
1416 7336
7077 5803
6043 434
6520 4487
3939 6320
2477 3922
1450 81
6364 2501
3656 3710
140 1344
1225 4674
107 7599
4594 2528
207 5892
4100 2389
5250 1524
3663 4854
901 3080
2427 2419
629 2985
354 1785
1019 2387
4621 6763
6463 149
3109 7418
6598 595
4014 5526
5213 1866
2039 3754
6469 2989
1559 2320
7482 1742
1339 4583
1868 2135
7418 5787
2695 2602
1827 7383
5623 4802
3577 7423
4802 4841
1194 219
5453 4396
2479 3119
6058 7538
5803 1513
4354 1562
2722 5468
5250 4538
3016 6283
4155 6879
4328 5939
2789 4814
6146 2786
3769 5415
7607 3961
3867 3918
2638 5462
5803 1922
6426 6368
2534 4410
1971 4920
7009 6190
4321 5166
1524 373
3542 231
4858 4202
4439 4686
656 908
5468 6195
4673 2051
1751 4408
6855 75
6130 7613
5547 4645
1918 1312
3786 5835
5802 547
1862 774
6404 2670
2927 6605
6919 3441
2062 7468
7418 564
6368 1569
1413 5728
323 1725
5823 5182
6318 2524
1865 7346
107 1179
6134 6029
1052 3145
2156 6218
6793 2838
1680 4690
1339 643
4545 4907
522 1990
219 6183
4496 1392
1890 473
5548 370
3947 3615
1265 4414
7592 3570
152 5437
1563 2948
7677 6682
2802 5833
6855 7365
1044 3698
4012 2263
1278 2946
5824 794
434 4893
593 3364
6877 4350
5967 4597
4440 2077
6767 6304
1562 1270
5682 479
2710 6086
5092 1629
2776 6203
869 2339
2399 4020
2471 1391
4532 7421
2710 5332
3353 5002
5201 1603
1296 768
4265 6346
4035 2158
4321 1165
2524 2894
5330 5054
6343 3071
4381 6358
7181 562
3542 4323
5905 937
6300 2262
1505 5788
5242 3919
2528 7357
2419 3874
2442 5513
1569 3170
3656 3278
774 450
792 2297
2069 6022
6364 4113
1723 5342
3253 1213
2018 6707
5031 7455
5330 1280
4321 4232
4699 5071
5353 394
1213 5083
5472 2203
564 248
135 1128
4866 380
3867 1760
5803 5132
1918 811
906 7553
2510 6406
1505 2302
7263 2120
1318 2115
2202 7250
2802 136
1312 4750
5166 5425
2719 1431
2534 1286
107 1013
4583 5516
7648 4080
6080 3730
1339 957
6823 7450
3288 5944
7616 4447
4844 2881
3553 5116
6966 5485
6190 4774
5823 4579
5516 558
6058 2579
4920 1365
2490 255
3449 2340
3642 1275
4265 4209
2556 916
6022 2605
2077 3388
5353 6114
3004 1567
2171 1792
1971 6292
3704 4654
243 2230
7414 5393
3071 52
382 6775
5832 4764
6081 923
6318 7473
6283 3932
5471 2610
1790 4940
152 2872
4502 6124
750 1409
2668 3959
5208 778
4018 4581
6773 5614
2430 2174
1792 6600
346 3691
4265 3985
2948 7069
4100 7516
794 5372
2203 2515
3333 1936
2507 1387
4649 4087
4506 69
866 6550
6086 3946
6406 2573
1179 4561
3438 6610
1363 3950
6080 6618
137 7432
4209 4462
3656 6776
5629 1851
3198 636
5704 5956
7468 6305
7467 222
5242 3840
5213 6611
948 5384
4265 5253
3730 3569
1868 5986
2281 1244
7346 456
216 5742
1760 2159
7516 6522
2719 4377
255 3012
749 6312
5773 1234
479 1371
3025 5302
6130 987
2793 5327
999 1311
2262 4607
3013 2243
5555 4832
7241 5450
3416 11
5673 1821
443 5230
3317 2119
7482 2688
2382 3417
4531 5816
6358 7227
829 7260
1013 7127
5675 4786
3247 1159
6183 4499
4699 1763
3603 560
6146 2267
4878 1152
5071 6576
1233 2589
174 1241
1616 2689
3922 2271
3296 6555
3285 3632
5944 1333
6110 7032
4802 5564
3080 6784
4418 997
2453 5479
1728 5457
394 4267
1159 1960
6677 4341
3377 5367
3642 1172
1723 1216
1419 5324
6406 946
5060 2724
4014 770
6164 894
196 7183
4943 7544
4771 3295
1213 1025
6229 4929
2838 2299
4868 6575
5833 4134
2202 7255
1064 4053
4575 2754
3744 2703
6964 5121
2427 6661
2501 2785
6382 5677
4151 1982
1730 7472
135 2414
7423 3312
3570 4391
52 6504
6598 2675
2969 1197
6531 7088
5600 463
3170 6805
6775 974
5324 4428
7123 3184
75 3719
4341 573
6379 1903
7088 315
2339 2293
4929 1249
1328 6987
6029 1237
1212 2312
7082 4248
6776 6088
5580 3428
3941 2186
1152 2365
6805 6926
4035 6470
7679 5019
2813 6546
1391 1930
4138 3606
7338 6913
7716 5786
135 7577
1249 3859
2018 5424
1138 347
2312 6173
4774 5736
4499 6157
2203 1570
3139 3316
1524 7638
2689 4422
7329 6706
517 3284
4854 418
4138 6302
5677 4236
7357 6956
6179 3129
2262 2508
656 6910
222 327
6924 501
917 5670
3109 5223
4929 1426
6124 2655
5830 364
5390 6737
166 6178
360 4101
7544 4742
6215 3111
5786 4706
3960 6741
454 6545
7472 936
3778 3751
3247 3827
255 2871
3296 3765
4868 5574
772 2146
6346 6802
916 6735
2612 7236
5485 3369
4543 3271
1004 5373
2689 4025
7516 6107
3552 4501
7177 5124
1562 6206
5124 7061
1077 6631
3402 5363
4942 7406
1237 6951
5058 1597
522 7453
4151 929
560 3375
5738 4379
7406 4301
3696 3817
2668 7515
7357 2678
4733 7644
7679 5904
6779 6844
6114 492
129 3896
3459 1040
7455 6491
3438 7150
5060 2746
6855 7523
2715 2876
5492 3487
354 4456
7652 3034
7291 2083
7464 7481
1722 3301
5569 3236
7227 2074
1694 753
1569 5918
862 7660
1152 308
2203 3971
6233 6286
5939 7617
2766 1474
492 4017
3743 5727
4579 2330
3657 818
6086 1568
5365 2319
3883 3134
3555 283
7707 6242
7150 4273
4581 5966
1739 6853
2001 3813
1994 6091
3656 3252
174 5577
3939 3064
4473 4516
1416 5750
2899 2564
2490 4670
4209 2608
6124 834
3959 7631
1111 6117
1569 210
974 2936
770 7298
2814 5932
7115 2429
2027 1706
6987 5571
3249 5096
2879 4086
4841 6943
1152 7508
2291 964
2383 6168
6797 775
2689 5911
6159 3307
2276 6772
495 6362
829 6582
4946 1820
5225 2997
7456 1227
4423 6191
2132 659
4428 3609
1730 5291
1567 1370
4802 6475
4017 1782
4016 4141
3455 5930
3129 3308
2695 5562
1202 2070
6475 1999
2339 695
5528 6693
1763 6571
1121 4839
2135 1744
5258 3943
1152 5763
3867 5855
7069 4862
6522 5264
1333 5743
1356 6922
1409 6640
3158 5270
5258 3516
4496 4403
1868 1902
2388 2854
3922 5356
6312 1097
219 2045
1328 2681
4278 6567
7554 1947
7516 545
4516 292
1370 7513
4926 4038
2145 2791
135 5281
7628 139
7115 915
1356 4110
6164 4692
3618 7574
7007 4650
6022 5159
5824 1493
4267 7661
3012 7254
24 2300
4397 5955
5201 4239
4583 2525
4837 5040
6661 610
3768 2489
3080 6562
5223 7625
6140 6069
4389 1619
1782 4908
6110 2369
2947 3548
4202 4285
6661 6800
6043 4129
1862 3270
792 3383
1212 745
560 1285
5673 2249
4403 1955
2880 6018
2471 6530
6469 5618
2186 6689
770 679
2780 6374
418 5654
1044 591
3896 5174
4863 3403
231 3321
6304 5705
749 1487
4278 4153
2524 5404
964 6701
5242 4055
6913 7500
3564 2944
312 2991
6956 4150
5758 6027
4232 4263
6157 7708
4110 5630
6103 5558
6107 5181
7257 1154
6943 7469
4147 1256
308 3413
5526 481
4138 3017
6767 2955
4219 3763
5368 5791
2009 7361
5619 4308
2802 4975
1111 5350
3963 6774
5393 1794
5118 4914
4579 2983
4422 3857
1216 2728
6025 7221
7644 5764
6823 6061
1364 6716
4189 233
5132 5458
4377 4095
5453 496
2872 2781
6741 2842
6793 4262
7346 6351
2766 5195
5564 3476
4209 2060
6419 7457
883 4152
6832 4865
3396 1080
3459 1854
4152 736
5250 343
7648 4146
1649 2275
4323 5334
7719 3793
5083 4096
3387 5834
3134 191
5623 3372
5832 3073
5396 6890
7513 23
2186 6974
7456 630
6555 4394
3416 612
7544 7608
750 3832
7697 2089
3959 4602
3185 5708
6701 4342
2159 5831
3073 553
2051 1136
6948 337
4396 5964
762 2337
4532 5106
4473 5274
5462 2614
2638 6071
7347 2109
3320 1670
3012 7403
7406 6824
4832 5560
4053 6112
3813 3521
5058 7401
2871 1240
3333 2049
2191 2306
1742 7506
3900 3526
525 5620
456 3706
643 7420
1154 7422
6364 2128
6682 5993
6343 808
961 2568
1271 2393
6379 6489
1640 4409
3308 1107
5619 5444
6919 182
6520 3367
1640 5323
4866 638
1587 4622
3941 6369
1318 6652
5132 1914
666 3877
6286 7022
7513 2161
6763 3970
1722 2895
6598 2890
2390 5617
2713 6946
3941 2680
3358 6645
6924 7275
474 3629
1325 7094
4706 1589
5634 2104
2249 4339
1982 4213
2507 728
1467 2743
4462 4430
4048 7363
6640 3332
6491 2140
1209 2366
1503 1804
987 6596
3572 1342
6877 3623
7451 5045
1734 1613
6280 1133
3552 4109
7481 618
3043 7702
3555 7259
1790 3897
5619 7106
5833 126
2039 5419
4333 1117
107 6972
7460 3646
5728 2645
2276 5215
5630 4801
5569 4713
6530 3587
1794 358
1387 4691
6159 6198
3022 2533
6520 1412
4155 7322
7460 889
4408 2229
7613 5723
3786 2441
2429 6945
2250 3546
3702 6135
5101 2107
811 5279
2074 6718
5182 4539
7506 3143
4771 3395
2927 5702
2608 5878
2161 3990
2834 6837
5118 3259
3253 3571
2126 1347
1337 5891
3817 324
3449 5439
5468 4767
4391 37
2243 3925
3874 4601
4410 6423
7106 189
6302 3621
7661 3287
6677 6628
3158 5962
1033 51
1450 5512
6406 2273
1409 6841
1419 738
6283 5865
3897 7410
2510 533
2525 3400
4950 3422
5750 5069
1077 3141
1722 928
2442 1974
5002 4066
7150 5138
4086 1162
3552 6291
915 4051
5764 3624
1136 5065
5548 3155
7391 2295
126 5224
3131 2193
6489 3892
4423 7437
2645 723
3395 4223
3723 5771
2876 686
6890 4541
3786 6728
3247 2234
3367 6904
3763 1273
5704 1036
5742 4471
2983 5135
5513 3969
7592 4864
2633 2796
6317 5422
5823 2932
2967 1463
4561 4647
4462 851
2703 1069
1133 7304
4798 1086
6682 989
327 2567
3881 6957
6562 5335
1101 1214
122 1747
6562 1979
4975 4290
3145 900
6086 3220
3932 5055
928 3202
4622 2172
7554 5775
4328 2032
4236 7379
7110 109
5670 7233
1044 2856
4690 707
5512 406
1025 6331
3813 2805
7383 690
2838 1246
2608 3951
3891 6232
2427 1758
1232 4782
7694 6747
5302 1976
6320 5028
3606 3014
4428 2957
7346 932
5092 4694
5833 6089
2033 102
197 1073
4908 5854
5250 2455
2069 3172
3119 661
3198 1921
3129 305
7256 4500
2743 2259
987 1529
2074 5575
2377 6097
6124 2011
3698 6354
3877 4938
6233 503
6546 313
7418 6675
1104 2910
3939 2518
324 2901
3312 2473
1951 6113
5224 1131
948 6279
3145 1088
6327 2362
4506 1042
6926 7015
2191 3876
3025 4452
456 2179
2719 7137
2678 2068
7298 4971
102 165
5964 2317
4472 4806
2131 6730
1868 5430
6113 3756
3320 3305
7616 2777
3284 6486
5919 5840
1598 6212
3992 6762
1117 6982
736 6432
6972 3640
900 1389
2411 5177
2556 1150
6879 1845
4389 5913
6844 4191
3367 7605
5791 2882
4308 4177
3685 3674
2682 6996
4301 57
2145 6999
5419 5142
5365 1008
5786 168
474 1189
4594 1814
6386 3869
3778 2006
4598 7448
5816 3535
4686 3906
929 2811
2387 3800
6368 939
546 334
772 3088
1936 5700
4153 4758
611 452
3012 5033
5891 3884
2330 3264
5654 7001
6701 4811
6179 6360
245 4315
5363 7133
166 4901
1982 1090
6707 4565
3857 348
2449 2147
1785 2496
929 2588
1516 7664
3751 4636
2489 4116
6081 4250
5384 1039
1019 2035
4532 4059
7058 5385
4601 2609
3691 3592
6374 1405
1845 5756
1706 4879
4943 1780
946 3061
1457 3524
4267 5260
4750 376
2989 5867
5964 4270
6841 7415
6406 2349
5918 1187
1086 2101
1064 743
4689 3666
1189 6691
3375 7551
866 7247
6379 7535
6796 4624
7699 5958
5758 650
6877 1184
4147 3580
2033 1283
3109 6655
974 4465
4452 1832
7608 6825
2297 4672
152 6885
2534 1038
2681 7490
2740 2942
5832 1282
6567 5845
4837 4848
495 1061
1730 3054
7009 7299
7007 6132
6358 5229
2218 4675
6882 3967
2490 3920
3719 4132
7255 114
5253 6658
5220 353
2441 5383
560 3684
4224 3616
3396 5796
4150 5838
4224 5699
5373 4380
3111 5073
358 790
2645 4148
3663 4324
245 3699
7679 2294
3003 980
233 7006
4408 4140
4971 7405
3990 6450
5302 4897
2146 3829
729 4954
6735 3952
1488 7600
2534 208
723 971
6728 368
7481 6692
707 1002
4418 559
2321 3839
974 7375
5028 6340
376 6935
7254 1220
1172 3728
679 2714
5118 4220
7401 1217
5017 6781
2211 7419
2079 2737
6741 3911
593 3954
2556 3000
640 7078
6913 5985
24 3589
496 3902
7082 4646
6423 2270
503 5532
6213 6408
5750 6992
3372 5094
2854 3890
3867 7332
7401 5554
6926 4463
5833 6350
1999 5644
6406 5561
6089 4037
743 5290
3054 3994
7707 7083
4003 1322
7414 820
3073 5662
5571 2929
4647 2242
2791 4957
2234 782
6117 3426
6153 4007
2109 7154
612 6221
4646 4047
6676 3721
5031 254
1077 63
7221 2007
2202 4657
3922 6372
1202 1595
5560 5063
102 2619
6354 2436
5939 4596
3555 526
2881 5895
7046 1007
4409 4179
883 6415
6198 4537
6159 4170
5019 5849
738 157
2834 2699
3800 2986
1052 5811
3696 6359
4328 1027
1569 1330
283 339
3000 2351
3012 7581
5210 499
3120 4952
2579 2897
1890 6278
3569 4580
2746 3597
7083 718
4742 3418
2186 6455
5388 835
222 1860
4035 2727
3883 2532
997 4119
244 7288
5993 167
1722 7461
5342 3942
7361 4638
2838 5251
5096 2992
3580 2820
888 5261
2992 257
6737 1610
4537 7050
2383 5319
208 2591
3768 4702
197 6727
5700 6017
4141 5976
1610 1915
1020 100
971 4482
686 2736
7058 1924
4209 4317
794 6270
324 5314
4582 1071
152 4407
6292 6863
7607 4708
7681 1949
7448 6880
7473 4658
2525 2235
4955 1683
3640 6314
7554 7240
4048 616
100 6411
2710 1056
616 1140
5742 4874
6423 391
1782 3690
5319 3128
4954 697
3284 5027
7460 3822
6611 4898
959 3575
948 7130
1086 5421
4389 7212
4096 7134
233 2290
1990 4611
6173 2653
4956 579
584 4024
5007 2982
7423 6073
5964 2136
1747 1348
3090 6197
2894 1239
2068 5131
2719 3485
7457 277
3426 5316
4119 6496
5662 6241
23 395
7236 1345
2515 2725
782 4630
6135 7012
3043 920
4706 3299
7324 6072
2964 7149
4727 7491
4727 4534
2089 3873
6360 5846
6360 7690
196 3157
3869 1149
6346 6341
4620 4476
6562 350
2297 1281
2104 2521
5372 3103
6146 4990
517 444
4692 238
5777 3182
4350 631
391 7700
6242 3672
6292 3207
3120 1522
526 2984
3418 7064
5492 5351
4410 6553
346 294
5630 2328
7451 1764
5855 5725
4152 1177
3377 3687
1333 1401
2172 2730
6329 4036
2414 1408
3032 162
4657 7309
707 3921
57 4845
4053 1295
5911 3998
254 1230
6496 53
1109 2055
7423 7610
1288 4755
5522 164
2411 4281
7461 6722
360 2549
20 3787
7322 662
1901 2413
1152 5508
450 5494
382 5988
5324 1393
638 528
1751 2536
5993 6136
4281 969
2477 4108
906 3209
347 297
3552 247
6291 2
6131 2447
7001 7388
3295 7101
1419 5678
5468 5667
3994 3144
1463 470
3441 4530
6879 6199
2411 5608
2399 2287
1285 7559
1159 7270
7041 2662
1073 1945
5404 4735
3043 2584
216 4763
1282 43
6475 549
3448 1870
2937 7185
6190 4013
3618 7499
7383 1787
4673 5632
6190 6499
1393 1941
2414 2877
5623 887
7317 78
5736 1309
3710 7704
2340 1566
167 1837
3632 3268
768 1938
916 6852
6117 5701
3813 1465
4472 3757
5831 4677
3449 3826
1814 3641
3078 868
6379 5605
3264 2812
4247 2500
6013 2729
4410 7385
6701 5624
6426 7595
4601 7389
4140 2616
3919 3473
2275 6186
7661 3072
659 4843
5967 7430
6350 766
4428 396
1597 1937
3947 6501
6618 5140
6280 4680
5327 5751
450 7440
5833 5972
6073 1992
2000 26
2528 1211
1214 4307
851 1372
4285 2341
4531 2298
2668 4029
7617 5134
6073 3825
6191 7147
2351 2590
207 6467
2437 4772
6640 2056
1947 3324
2730 5172
6922 6761
7115 4488
7694 27
243 6038
3283 7129
1211 6057
2328 3677
745 5226
5625 5697
4898 29
1072 2165
5632 1118
6676 3801
3971 3823
4802 580
980 1229
4472 1889
2985 3802
6486 4536
4690 1920
1318 2117
1624 5768
5444 5478
2725 4074
1722 6036
1920 2578
2310 7527
2230 2801
4532 4286
3951 3489
6317 3612
444 2400
5688 4566
1480 5566
3191 4252
3911 5102
1827 2254
3756 5032
348 1789
2955 6337
2584 5010
7363 2178
728 7541
3632 3811
6885 3903
43 5091
5334 734
6793 5979
3270 757
3088 5379
6218 816
4956 2844
1960 2917
794 3777
1992 25
5101 7583
3296 6753
339 7645
6531 975
5823 918
7490 3062
4038 6444
5891 5218
6781 211
4938 2959
1960 5875
5964 7511
6957 5601
4248 2255
2453 5158
51 1304
4866 2160
3813 1476
2156 3715
4440 6510
7069 2707
4942 1891
5138 6860
6381 1452
5368 2021
5526 3469
3743 6770
6877 704
347 3955
3906 6759
7304 6578
1412 2029
5811 5418
5173 3173
2079 6846
3317 4310
7699 3993
2510 6182
936 4629
4247 4815
3042 7267
3417 844
2255 6559
6697 2384
2680 4853
7257 1462
5764 2137
3881 6449
1516 5643
736 5805
4837 1037
6658 4644
6767 2398
3017 1800
1457 5088
549 556
1945 5412
4539 1957
6325 680
2854 7305
1008 5030
6576 3092
2982 2376
7198 3980
7577 3009
5334 6262
1868 6671
4901 6083
3104 4889
6043 3188
2035 329
3691 1473
2035 6001
3980 568
6411 5326
6423 3371
5831 2938
3296 4264
1488 4715
1480 7253
939 42
5708 1660
1426 1094
1154 3486
6805 3067
3954 5146
1042 3888
1296 5000
5181 2214
3888 5160
2793 4829
52 1630
5351 7040
2156 4136
6722 7308
2369 3021
7595 3302
6628 554
4580 4044
5353 4212
5880 7445
5824 10
5124 4165
1567 2005
6073 1006
6232 7398
2086 6819
6036 4309
6943 5499
5891 5329
2029 7243
7716 7157
7385 4995
1107 7566
4012 6202
2427 2210
4801 3355
5054 2331
3128 6137
5215 1327
5667 3607
7599 4446
5242 6287
5314 7084
6489 3318
7243 761
5962 6158
2225 3291
6692 1290
7694 6120
2901 2847
6157 6161
6682 6625
829 4006
7270 5505
1999 6905
373 1429
5019 5165
6819 3354
6567 2143
1516 4332
1080 2965
3840 5599
5425 922
3103 5371
4863 1123
5743 4871
5591 3306
4702 5207
3743 5749
4116 383
1094 5907
5564 3386
5620 6638
2430 4206
6676 6710
6905 867
1719 5684
5379 7369
2984 1810
2518 5587
2321 824
3883 4099
4561 6259
3307 288
4500 285
7565 398
4151 4282
1229 2735
6386 335
1366 7238
7346 7659
928 2124
7448 1016
6242 3046
558 7462
4087 3654
2508 5686
6419 5343
4170 4176
792 700
6212 3206
1957 7145
6823 3739
7078 7556
4396 4617
6137 2314
2437 2071
6522 1963
3687 436
6596 2265
3839 2133
5733 6609
4496 4761
7083 5262
4029 7633
5407 3697
5944 3511
4955 5937
6504 5382
1725 3116
7704 2425
2967 1021
844 2864
1086 7529
4496 4910
6112 5059
48 6764
6379 3257
2927 229
3182 1991
4631 530
4957 3479
2174 7205
4308 1011
6287 4261
4956 14
6974 1215
2737 1210
7404 1880
7118 6511
2218 1928
7058 7023
216 6045
2436 3547
4140 1708
3925 1428
579 6284
975 1193
1901 1560
6825 5626
3317 7258
4536 3246
3663 224
7254 6308
6844 3344
4074 6336
3521 5981
4914 6704
4897 7528
5939 7244
4649 1247
4147 691
5586 4082
5096 2641
2419 6375
7183 550
6945 6271
2126 7315
5824 5850
5371 2239
690 1577
7556 993
5326 4353
7304 6047
6800 5296
7425 5125
5351 809
2705 2763
394 3982
5993 3276
7298 2581
2820 3274
7257 2487
5811 4705
6904 6751
4236 6042
332 2845
6594 4709
6982 6803
5632 737
1569 6838
7660 2921
1321 7684
6531 3040
6017 747
5895 2815
2944 3183
4377 5551
165 5294
191 3735
2879 4913
2362 7611
3344 5090
2143 6428
7699 7713
3817 1844
7516 2704
7366 1541
5319 5874
2254 5467
4100 440
6300 7602
5138 1755
3925 6911
140 1323
2793 5703
1088 5481
2254 1420
5174 2569
7628 3670
5895 12
3249 2324
463 1665
6922 5105
3426 1647
818 1733
7616 2438
1210 509
1742 1612
5124 7362
2490 6000
4836 674
3566 6975
1524 3703
275 3662
252 856
6800 1421
2946 1677
3172 1169
1250 6720
584 4921
2500 7409
3486 2334
4043 6441
5425 493
4694 4604
6991 4383
4580 5876
6741 2085
4590 5255
1794 7687
157 605
3654 4401
752 3133
4699 2648
4898 4144
7559 4214
3609 5193
6796 5062
1118 6093
7566 5783
546 3820
1177 6453
6110 7323
3570 314
3918 7100
3829 2966
5055 3590
4509 7558
63 5549
3687 5113
2262 1507
5750 4326
3820 6237
72 2185
2230 7245
2115 2127
3073 5923
1790 4367
2786 6870
6086 4094
4929 7153
2985 6955
4232 3159
3355 5231
5561 6032
4561 99
1616 3544
473 336
1187 4120
5424 6041
5522 3471
964 145
145 5482
7694 32
5260 487
3953 2072
5468 2775
6774 2212
6265 420
5602 7692
5605 1573
2 2279
3897 5524
1123 7454
2101 645
1844 1218
2413 4605
6279 3870
2614 586
5904 5660
5223 5180
7315 4807
3489 1644
2793 669
2536 7441
5208 3181
4957 3282
918 4296
3662 1698
6117 4775
6600 7235
4323 371
3014 3379
6905 7067
5704 1721
5742 5463
1094 2816
3278 4411
3849 621
1529 1550
7083 6459
252 683
3017 106
5334 5722
2842 5347
4048 1459
4872 3038
547 7579
2812 3089
5338 684
53 4989
2376 3112
7236 3039
2682 6850
5193 1651
6982 1927
2362 4796
6761 2020
868 1571
5485 7561
3955 4988
5404 5188
6080 5598
4912 7042
5422 1777
4111 5461
470 3627
1006 6873
6206 2939
4059 5171
2802 1958
1408 5799
6997 555
6304 7449
2137 1400
6071 2346
3282 3513
4440 6739
4764 5638
1256 2125
6879 5534
1951 3408
3703 6148
7154 3410
5365 1847
383 3565
6073 287
2982 4700
4705 1872
5160 3518
772 4338
7691 3027
5865 4721
1568 4211
2746 6162
4946 5465
1177 6468
5867 3251
5670 6464
2500 5168
2062 783
4380 3837
7425 6993
140 6810
4053 4787
1052 5460
4191 1326
3721 6519
5830 5665
6676 4634
568 727
1764 2671
3826 2224
3524 1621
2645 995
1790 4168
5213 1607
5513 6820
1162 1501
495 3545
4225 7426
3719 3205
5242 2354
6042 4958
6112 1010
4219 6749
3751 7003
2895 4359
2297 1538
3950 7311
3103 2709
1755 3260
2815 3154
6404 2923
5482 1183
2644 457
662 6363
700 1645
2306 2994
6041 5914
969 2758
727 3319
666 6813
6582 706
313 388
2705 7055
3884 5286
5569 1314
4440 7218
149 3904
4294 1654
1459 2979
2165 4803
3950 6595
4774 4454
917 7215
4407 307
3282 1083
348 4637
4876 6894
761 2873
6017 5916
2842 5807
6036 7517
7379 7142
211 3056
3042 7097
436 2170
6455 143
1648 7443
2612 6920
3064 2996
4630 5115
7690 7170
6870 2540
5094 5067
7538 1740
4096 6887
7247 6393
2340 299
4637 4244
6576 1911
4871 1219
4705 6862
6887 2509
6114 1268
5088 4739
2487 2053
222 5093
1042 5567
4926 3058
4864 4251
231 2226
4151 6365
7055 1329
3577 6940
2533 4090
6083 1346
6386 465
7270 4987
554 3123
4811 1972
5302 4552
4647 6062
4095 7378
3662 5659
7445 2139
7041 6538
2533 2428
4677 7477
1597 5130
7007 384
1957 3965
6855 3862
6036 7524
2607 7653
3067 328
6866 2138
5324 3976
1938 6098
4691 4180
6775 2975
1739 990
4171 708
7660 4001
4901 96
2299 3745
3455 4135
5816 4437
4155 4924
7687 1350
2891 6629
1941 4386
6300 3339
6098 435
3728 4544
6870 1895
591 5005
1760 7630
1862 6171
5290 6927
479 2720
999 634
6360 814
5188 4295
7257 1171
4787 1583
820 1776
7315 4592
2310 356
4418 5328
4624 6235
4407 5043
3580 3770
7317 7466
5771 5
7343 7021
3092 4122
4644 6433
1979 2084
166 3958
1683 1887
6212 7103
7645 3340
3751 5808
7042 3682
6520 6281
3891 7627
1958 5593
7713 5640
5867 7596
2713 6554
2293 1885
6173 803
7482 3041
497 4133
6449 2840
6103 4432
6511 7424
3918 5311
3570 1156
7129 5257
3402 1977
6887 2134
5372 7026
1086 7601
6337 1060
1733 4459
2250 7075
1641 1745
5231 4243
528 5642
1860 5559
5373 2867
2331 260
2351 2686
591 1445
7123 3167
3542 510
3183 5817
63 2661
3710 2706
452 2696
564 2222
3247 4587
5799 4460
1118 5240
3969 6679
6001 3683
4016 6847
7042 5779
5017 6149
5468 54
4168 2748
1169 7396
4396 3263
5290 7372
1184 2350
2569 3886
7527 4632
2707 2433
6595 6189
5644 863
7347 5713
4803 2091
2263 5099
4832 2922
1290 2839
2337 2410
1474 7148
573 4373
3544 5277
1480 3633
1721 6938
5571 3083
6793 2220
1848 3499
1072 115
7616 7349
5608 7222
3293 2305
7491 1732
3012 1720
51 713
3236 7313
738 2600
1187 6497
2158 7634
5475 5358
4956 1604
6811 6909
7293 101
5332 7002
5682 5267
6850 6492
645 4849
5240 4274
6203 1443
6475 6897
7130 4635
7652 6431
883 6138
7607 854
2265 6620
3511 3503
5905 1521
1832 4169
2533 3074
7580 7277
6716 6514
1833 1384
6258 5926
3884 7387
1583 2659
7694 3995
2156 6590
2104 6389
5113 6252
5699 3824
4270 2013
577 13
3260 1671
6001 5153
7255 1533
6149 4042
6553 1045
2429 506
4326 209
2132 717
1459 5438
3982 2787
4024 177
5787 6906
6853 1070
5054 3165
6280 3423
5791 3885
2321 570
2393 2543
5335 5883
1677 1850
3607 2296
1150 397
7082 1871
1311 2446
5261 2017
1004 7301
5294 430
3246 7539
36 2875
3293 3137
5457 512
6423 7452
1903 7104
3970 6586
4989 2530
6159 6294
2366 2849
5181 3036
1179 5308
5291 261
7366 295
1851 3582
3249 1899
6594 7176
3392 4216
5832 1380
1862 2488
7329 694
7601 361
6433 780
1450 601
5291 5576
6022 4968
5659 4205
7009 250
5883 3649
656 279
6363 5546
5000 5946
2203 1411
2840 4886
7317 4744
3369 2587
1903 7092
5093 1788
2339 7028
5939 4711
829 2866
3227 3602
2534 2657
2842 5652
1979 7647
3553 4415
5783 3152
4673 461
1107 4046
1326 3368
6229 6980
2917 5084
2975 2190
7215 1579
7481 1051
2815 1590
1680 5541
1694 4745
260 765
3042 3625
4913 494
5796 3443
3616 1829
5142 1435
744 4322
4745 5671
2638 1954
3873 4305
862 2594
6140 4998
6752 423
3632 6230
7133 3664
6858 482
1247 2850
5260 521
3340 378
3259 6942
7181 2497
3537 6778
522 5537
1405 7465
7124 6301
6107 1996
7365 1274
2017 4010
2400 6338
1914 4050
7387 2976
6992 4736
4301 2618
747 2181
5956 7355
6978 6298
2724 5322
3288 6035
257 1608
1516 91
54 2987
5124 6998
6701 4362
1073 3149
5421 2782
5134 4194
7181 2491
4657 6868
6497 4228
7170 7167
497 6947
3922 5604
157 4656
3920 2155
969 1617
6135 2499
5850 1756
7500 4299
1604 3223
4232 5085
5686 5175
7255 6447
4095 1968
5323 511
1549 927
4209 7665
5811 4577
573 5232
1847 3636
5093 7635
2787 6246
6820 21
4580 805
2185 4314
1832 5511
4903 6893
5130 7086
549 2547
6016 2565
4713 1819
1271 1724
1008 1201
107 7706
2117 947
7558 5377
1345 3504
5175 2192
114 5137
906 3810
4216 6798
7419 3780
609 319
1328 3095
3553 4433
72 6225
6671 6129
294 2851
3278 3737
7541 4480
4659 2807
2139 5303
3698 1440
3139 5658
4516 4269
4408 5185
750 3563
4219 7636
4866 1332
5055 4204
1420 779
1915 2961
3896 4215
1431 4595
6838 6050
7580 1160
3922 1596
100 7095
3207 1886
6511 5202
4151 781
6221 7321
1107 3536
4634 4067
6287 4966
6776 1656
2069 6399
2569 7025
1792 3854
4865 5612
3375 344
4638 2561
4338 7152
3651 6901
3253 4240
3649 1358
7565 2142
3158 4610
5621 6155
2192 3807
3428 7534
1930 4525
5091 1873
1734 6094
1249 619
1413 6394
1150 4892
3128 5082
2894 5104
1579 6541
5865 3907
3582 2059
522 431
6776 5781
6372 5540
6441 3106
7559 7194
431 6220
1129 5487
7298 544
5988 234
1845 6478
6027 5219
6337 1300
1744 3015
5125 1486
6331 5552
6862 5987
6429 3644
5140 3924
16 232
2055 5556
3318 6323
1665 2482
343 5863
7025 810
7467 4112
4307 6474
7218 304
7245 2885
1794 5657
1109 1319
6832 5539
4539 2266
4775 3530
4893 22
2994 379
6974 3458
6350 2916
3666 6021
2300 2790
980 4655
7499 552
1725 3865
3757 3187
6538 1678
5090 2857
737 6636
5113 1166
4655 5012
323 6448
3963 5969
2948 5641
1848 896
2482 4571
1345 3940
3408 1535
570 3231
1039 6673
2983 19
324 3127
4504 4468
1651 839
5055 4792
7336 6826
6796 2654
3685 5406
1721 5038
2713 6104
4942 1146
2414 6960
7461 935
5158 7019
470 1423
1219 1279
4534 6566
3553 689
7061 1874
2769 6791
6820 281
5296 437
4339 4633
5660 6503
4298 3724
1321 4378
3043 6789
5750 427
5688 1316
4341 7609
2273 7438
928 578
6955 6416
4807 2522
6774 2663
4418 4235
1237 5075
2845 6952
5791 5114
7064 1984
6149 6090
5620 5247
2300 3464
734 6949
5975 3752
1036 3105
6021 5147
3183 5747
62 1352
32 1913
5383 1103
5060 6319
5439 1892
295 3484
6428 787
465 6674
3268 5680
6791 44
4459 1331
1256 7090
3756 1317
1312 6387
2474 660
2447 1852
4314 1235
1835 1774
4333 5503
2944 1875
5485 3812
314 6509
1951 2258
4100 7328
5096 4335
2594 3915
554 3693
3181 6755
101 4293
6905 2213
287 6547
189 504
4389 6030
7403 92
6441 128
4267 1917
778 5489
297 4443
4630 3860
2872 2336
3116 3341
1083 1606
1409 6915
5816 6854
4565 7550
5118 1700
2746 2778
7490 1369
5135 6777
7681 1102
1265 3431
7601 5744
2230 2822
5823 5340
1577 5473
3012 5162
3038 5627
7711 4385
1420 131
3900 5813
1487 6313
4892 2288
2581 3539
6754 4118
5554 551
2670 855
6520 5584
4391 7337
573 5072
1654 6908
3145 2968
7647 5970
5548 6914
5670 4785
379 827
2872 1923
4771 2363
6036 7268
3941 4855
1665 363
4171 74
114 518
7467 5108
6609 1553
4862 1592
42 5269
7653 389
7343 3406
6029 272
3615 6688
5549 7486
3043 1142
5054 320
7082 5401
7142 5920
1215 3435
6707 6686
6080 7480
5363 5639
409 7107
1789 2381
4016 972
6225 2264
3025 624
4050 5170
4323 7269
3134 5325
7026 4139
4496 1438
4386 1112
584 3474
2365 4546
4046 7693
42 3527
5377 2592
1467 2768
5425 6831
2602 217
3980 5940
794 2687
1744 1485
2330 2038
5643 6127
4020 5947
2317 2187
5296 943
1237 940
6982 1148
3891 7586
2584 6063
1814 846
7007 5717
6910 667
1052 1552
115 7416
2644 709
4380 6765
4146 3806
177 2431
4261 1718
2186 300
7148 4182
790 5858
3095 825
1450 2506
2186 4027
3820 4245
2471 6617
7040 2906
5662 5800
4024 4572
7693 1155
4247 3671
6739 3510
7255 1504
6213 1519
196 5902
834 6585
2890 3110
2229 3008
2518 159
3684 68
7627 7292
6854 5732
1365 2043
2225 6653
1274 2933
4690 6014
7185 1692
6727 5945
4059 7573
7256 1407
4245 2344
228 4820
638 4934
1947 1564
2938 3481
4761 840
245 1643
2428 3407
4602 979
4530 3755
6707 2475
3129 4303
1134 714
4389 6485
1901 112
2053 3199
7517 2356
2966 567
3870 1442
4501 1684
4323 3541
7398 7492
922 7168
2132 6034
260 3788
2922 3550
5670 1973
5643 7174
4637 5144
6710 5068
7255 5820
5945 4227
164 966
518 6285
4658 2182
6047 1578
5654 4877
5453 1100
1913 3218
389 1291
100 4992
2255 6663
3854 7373
5083 7136
4924 4515
2038 5312
6287 7060
6791 1674
999 2405
1958 5501
1902 6422
2262 274
1936 3531
2133 7204
1431 3121
3919 6983
2796 3060
660 5345
5277 5400
6752 3785
6762 5285
4798 4238
5802 3614
2142 4188
5328 4434
257 7474
2062 6573
3202 5860
1331 3065
1134 5163
3078 758
3644 1557
6071 4790
1873 3349
6081 4563
1365 7314
2897 3082
7405 4061
7426 1078
2653 4056
3566 6963
7679 1049
1994 7439
7019 3605
6866 1939
5750 628
68 4517
3682 508
6535 256
5384 311
5219 451
6596 731
6749 6076
5457 7353
7349 6436
7609 2577
3089 6829
1342 185
4950 5692
1234 3136
5820 5769
6425 6563
4646 2332
775 7020
4744 3470
7644 1556
896 2583
3497 5449
2340 5543
6213 2783
3662 4218
3182 1341
5367 5346
2487 4731
6868 1204
2901 664
5224 6299
6885 6209
2292 4588
7375 6557
3484 3437
3627 7470
7482 7568
4509 1855
7628 4306
2032 6572
3251 4088
1556 6479
1519 4242
1271 1981
1789 5476
7095 4665
971 80
1077 5167
6531 2956
6404 6954
6426 7165
4223 6052
2497 6790
7491 7545
6246 4503
4171 2702
1616 5821
2587 3864
492 2904
2310 5741
1300 5706
4515 7125
2872 425
3307 3195
6510 2277
6394 3851
4169 7594
2178 7232
5972 7408
2706 6231
4422 4137
2743 4392
4853 6039
168 1995
3614 789
3907 5646
3182 7344
790 1791
3994 6931
4680 4041
224 6667
4792 6619
6279 5615
4396 1447
2522 5819
3813 1926
6365 4719
2045 3880
1629 5595
2288 919
5171 5111
4168 202
4617 3135
1004 2603
4755 5022
959 3029
2020 6437
2190 2375
5346 6801
1443 2168
4035 70
4575 3767
3954 1693
5180 1161
6852 3277
6428 1727
1234 3989
3395 2622
4849 539
521 1808
2975 4965
666 5359
1868 5609
5032 3638
7556 5794
2507 2712
1442 5271
5302 1627
7077 6806
3503 5951
778 7049
3392 4618
2715 3374
7492 4130
174 7197
5 4937
7457 5798
1332 2570
4999 895
4647 172
4176 5341
4468 4948
4232 726
4601 169
1777 7688
4223 5915
3247 2694
3886 2322
1727 5752
4392 1301
5365 1581
3448 472
1318 4904
1064 3568
126 1881
7006 4825
5750 4520
2638 2315
461 6840
558 6717
6350 5637
6538 6388
4380 2423
3060 7047
656 381
2337 1666
550 2023
7550 2130
2921 5523
473 2918
6720 2635
3745 7663
6755 6794
5406 476
5388 7530
4007 6476
6285 5474
6195 1576
4133 2054
5523 4819
4721 759
3131 6150
42 7193
6351 6100
2985 1842
3616 2483
5165 2753
1654 3327
6803 3519
947 5276
1583 4126
7450 5120
2781 2092
1408 6660
5439 4915
3141 5890
7697 5510
1637 4062
5890 3834
1886 3294
3967 5252
4943 3453
1671 3845
5281 56
4501 3303
3333 857
1596 2272
7556 1471
5163 5685
3246 1600
4487 6934
5033 3228
5626 1799
211 3493
6148 5859
2134 3055
3902 3714
4811 2343
892 2245
5220 1475
7539 3701
6677 291
6469 6353
4148 5588
2509 1057
5788 5402
1326 5266
7414 3972
6283 6357
1219 4266
747 3647
1595 6589
2872 5761
775 6624
4633 2887
5723 120
5455 3983
1220 859
5336 1417
5489 2052
2568 6694
2229 6736
307 769
7530 5869
6586 1454
5586 3098
5593 541
4672 6322
895 4895
1560 6976
6519 594
4309 4347
6232 4613
6772 2261
6340 4127
328 4710
6571 3269
2436 3871
1265 4253
4024 6965
5131 7393
7667 3889
78 2734
5031 4477
3851 2154
2471 118
1971 7562
7222 2403
2569 537
504 158
7474 981
1070 6224
1589 5730
3017 1292
7601 6615
5358 4698
5266 4557
356 3855
610 6345
4214 2057
6486 5995
75 1034
7602 910
2447 3608
159 3707
1241 6240
5135 2684
2243 6371
428 1961
7344 2624
6265 7459
7426 2774
5312 6011
4630 7717
4710 3525
6011 5178
5444 6969
7103 5529
6000 1986
75 2282
5598 3186
7366 5470
6720 842
6861 3585
4037 7620
23 4069
2790 4813
7659 2953
1524 3047
5063 7334
3953 925
7558 2988
1036 475
6358 1828
7419 6396
577 6293
3157 4021
7133 962
4024 3694
1791 5607
7365 2463
736 4458
3264 5280
3351 1779
1061 2111
450 4131
2508 2385
2885 1091
5554 5857
3687 5538
115 5829
339 2798
1010 739
3413 2908
4517 5695
291 6543
7396 4325
629 2585
1706 1251
4171 7214
4790 903
6475 6077
7608 4313
2635 5649
5727 5256
5083 1622
6350 7120
856 5497
2939 500
4836 3239
633 6500
3251 5047
5291 3190
5281 6420
3824 3243
6863 7131
5170 3732
6089 6699
6562 3842
3227 2424
2967 3315
6382 414
1225 4091
3441 5502
4604 5507
6408 2949
2899 1451
2058 1228
6571 4641
4042 181
3127 1572
1603 1625
3903 2268
4169 2935
3608 2022
3550 2679
107 5841
679 4507
3668 5488
1862 4438
618 6977
409 5355
4988 3761
6368 4980
2786 5568
6265 1497
7263 6662
2805 5912
7694 7000
6860 3334
1954 5672
6511 134
2405 2819
444 4275
3283 7532
5270 7649
1917 6268
1016 4875
3607 6053
5028 5847
4003 6163
120 3576
927 2219
1881 6750
5350 899
3696 4337
3960 693
4635 5446
7547 7585
4415 3452
6879 7282
2051 4052
5591 4077
6624 2674
4876 4959
4095 2316
2312 1186
2288 6439
5538 5755
7474 2094
7058 2651
851 1466
3886 5557
7681 4949
4719 2749
5835 5376
1582 7161
1405 5282
4385 6711
3672 1561
244 7494
4879 2925
323 696
3025 6812
4253 2028
2994 4818
7314 7297
4577 3456
5905 6446
727 3461
4588 2836
1641 432
5084 6297
6927 5408
6479 800
533 5647
3777 4919
5883 237
5932 111
4401 5506
3707 1511
7418 7578
2155 965
3332 3716
3577 7312
1100 4079
3484 4457
564 6608
2918 7367
6924 6581
948 2756
5231 5004
3455 41
3285 4981
1600 813
3527 4351
5750 6532
868 5440
7215 7507
2749 2598
7645 7674
4926 1933
6805 1823
3504 5484
4595 1266
2849 6401
3883 2930
6406 926
1751 4331
7393 515
1391 7339
1128 977
4686 6903
5075 2374
4929 4993
7263 4318
5479 116
5528 4174
5422 956
7215 991
3120 4963
3921 3424
2155 367
6545 6253
5418 3026
729 5003
5396 2396
3902 4826
2263 5842
928 392
3889 7024
2894 148
4266 5381
3377 3087
3967 5973
3751 3362
1516 6059
5105 1043
2939 2493
6038 67
6538 5694
1728 5589
238 6245
7702 5198
1937 3467
2875 1767
219 2256
6447 2223
7176 2586
2056 1446
5964 3528
2054 2761
889 1496
3698 1115
384 2252
5847 6721
41 1381
5462 3266
6497 5837
2319 7569
3368 7284
6926 3661
6949 6724
3367 1659
1871 2003
6612 5107
5027 2004
32 1001
537 950
6083 6979
1202 678
7707 45
3768 4178
7617 6049
6379 3011
5507 3643
1401 7345
5904 5881
6341 4246
2258 3836
4414 127
5752 622
5575 7495
3541 2765
2334 6683
7357 2621
3615 4682
3467 3352
689 471
7633 6875
6415 2676
262 4348
7416 7666
1723 4935
1862 6548
7133 5495
5207 5848
1462 3309
6320 393
6901 3363
6098 6412
7638 3478
1102 3224
5121 6217
465 390
1572 7555
932 2251
3184 3156
19 5897
7499 5801
3970 5026
3577 449
7025 6219
2890 3114
3139 103
7690 47
2680 1633
757 2450
7298 7027
4324 108
5548 6973
4342 5386
4750 7591
6679 5397
1034 4578
6229 5149
4354 2870
4025 6244
5342 466
4126 7536
6218 4089
2864 3258
3955 897
6379 4421
897 3573
4457 1795
2084 1252
3195 6367
3486 4754
5621 5645
4938 7143
7347 5989
4301 3415
2011 2392
2895 7033
3388 2278
2043 1297
4537 2042
5125 1098
1337 5765
2324 3776
6691 4556
3353 1410
628 2106
5402 7646
3441 6392
1365 1422
1758 2326
4133 1185
7603 6002
3837 5079
7430 3076
997 4695
6178 3996
6372 6414
3661 4809
2117 38
7393 6324
6232 3045
761 2837
7454 6647
4001 7505
5723 4085
1885 2770
5831 1701
6737 2823
6706 1302
2086 6166
420 2323
1507 1470
3013 4842
7268 5610
1301 6046
573 988
3092 1481
2590 3097
1656 5906
1052 7552
3941 973
4965 6744
1789 2924
7336 6321
22 6635
3745 5284
2165 2462
335 7074
391 3887
2813 5563
3353 6524
1201 6473
2590 3125
7299 7640
4871 6649
4440 1404
7547 641
1326 7229
2430 3226
5185 3442
6894 6288
1486 3108
3473 2559
108 2063
6903 4728
4552 6326
6293 7126
1325 1605
6631 2546
5926 7109
5630 3978
3144 960
126 3219
6553 6725
4318 7582
7459 5370
3840 4128
3677 2024
6368 7394
5166 5812
6453 6526
2948 4911
4638 333
6041 3708
1435 7588
4169 4198
2984 6400
7459 3711
1788 4416
6689 6558
380 488
4829 230
2334 5518
2158 7696
27 7618
5296 3584
420 3738
2058 1017
4809 490
1037 6646
545 4028
6573 2099
6189 5570
1270 227
6327 3934
3900 6460
434 3987
7452 3451
3452 5369
5102 5952
5093 410
528 6055
2756 5734
661 93
7239 3574
5302 1611
5609 4939
5195 6808
7646 1145
2092 2096
1216 5938
4306 5767
7674 4852
4637 6269
2389 7213
2375 5254
3511 3861
6562 4608
6763 4399
3565 2800
7152 3409
4877 58
6161 6239
1420 4345
4712 3653
6532 3024
4088 4704
4462 6087
5359 4977
75 7682
2490 6352
3131 3256
1611 3427
4394 6787
380 536
2403 7478
4392 4485
3296 6044
5059 5633
3243 5929
729 5152
6993 6407
5472 1861
6000 377
3223 3844
5507 7318
1538 5169
3464 1642
3933 4976
6951 6869
2104 2047
4228 2408
7716 289
2946 4072
6679 3241
5912 592
704 5339
481 7138
6365 637
586 5825
4607 6967
2479 1709
4240 357
6883 4364
4674 1418
3308 2361
2839 3314
900 6211
2000 2415
813 4967
545 507
6752 2978
1480 4757
47 1099
3178 6536
3371 5901
7293 2643
4913 4793
414 3505
2172 6867
1641 30
6541 88
7363 607
6727 4297
2322 2204
7101 7386
2449 6835
6861 318
6091 5078
2062 832
5363 5288
5120 4272
5256 5493
4152 6593
5799 7542
6100 3567
425 5360
1132 7543
376 3175
4645 6508
1291 1180
3312 6889
1576 4249
3136 2378
4572 871
900 2575
6463 1377
6531 2892
6966 1969
3573 3991
4108 2741
2294 784
1683 1853
1996 3035
776 677
4544 665
6149 4529
2592 186
244 4039
3011 6971
7455 105
472 2093
496 1406
5680 6648
6313 7122
2687 4370
6419 2878
6288 3492
4767 4268
4772 2238
6935 5862
1275 4528
762 6680
4706 1437
5215 5389
6697 3981
5163 442
680 912
3471 4493
6935 4589
488 4371
6044 955
5220 4413
3990 5110
2817 4600
7138 5573
3175 1883
5915 6621
7125 1691
3344 6378
4088 6458
5617 2303
1760 2511
6350 6574
6186 4208
6610 3856
6083 3447
5874 7116
4853 6643
4179 2632
1979 1264
3884 502
5799 4769
2930 7342
521 4474
2314 5711
7462 1793
1637 3945
191 2972
334 7590
5641 7382
942 1586
4757 1105
1426 3450
4433 2066
3105 1987
2776 4985
2605 408
5055 1491
4116 214
7687 3893
7611 4124
4836 7278
7137 1523
4929 4909
1189 3122
862 3579
4538 5710
5732 763
6059 7169
547 6390
3470 5718
19 1494
5832 4606
5600 7172
1866 3495
4910 5275
7601 7710
5639 5321
7347 141
6164 4648
7122 220
7524 5888
2250 4098
5341 588
6980 673
3087 5239
664 7570
3301 1374
2857 6004
7631 4558
5976 3774
129 7251
6581 4260
4755 3986
1401 6024
6279 6208
3317 5409
5915 2512
1049 6165
1852 1258
307 1746
238 1009
4139 1735
2062 2907
3664 3853
4744 268
1742 613
3897 4896
283 2886
7375 3124
780 7487
1202 4625
7344 1545
3918 2868
2988 2858
562 3180
4380 1898
1088 1812
5777 4343
3349 5530
5365 6599
4010 5934
2107 5581
4244 5074
2083 3821
7094 2597
1431 831
3114 5997
498 4400
275 1359
1678 806
868 6542
5468 933
7532 5304
5330 1360
4151 3578
5474 18
2009 2831
4504 2467
5513 4513
5593 2804
7100 3
6244 1943
4702 4508
3939 1517
498 221
3649 161
2836 5015
3333 6788
5370 4453
2296 4859
496 5151
570 6719
304 3347
2602 1267
7451 5669
1990 7564
5198 5443
5308 719
5670 1859
7122 2407
6323 5268
2436 215
2003 6187
3379 7380
1589 7121
4418 4986
4142 269
2483 5635
1986 3705
6739 3162
3594 7281
5699 2498
7205 1361
7532 6583
6770 2960
1670 872
4378 5392
4379 7428
4942 3948
5147 516
6052 6222
6237 4076
1189 1867
761 1294
745 5707
6673 614
3542 84
1042 5480
6946 2855
2758 6950
6120 235
5876 4376
3821 4797
5752 702
3476 575
661 4081
948 2691
4866 6397
4727 3937
948 4666
311 1096
3565 1620
1569 7310
3218 296
2029 4883
7401 5145
5381 278
5902 2611
1466 7496
4213 4982
752 3462
3570 725
5683 7686
6969 984
6589 2617
7487 653
7455 3289
6784 7593
7601 2818
6002 4661
4240 1378
5381 3242
6526 4615
3247 4576
6800 652
1387 2649
956 3973
5065 195
1833 3798
2583 6054
2322 5133
7536 1729
5032 5784
4150 6452
7291 3326
1064 722
7002 5176
2838 5709
2714 909
3525 6845
3089 1807
2671 2037
6617 874
7124 3468
6522 2951
1311 4994
4829 3917
552 2050
5033 3731
2873 1066
6893 76
6112 6342
5643 5536
7124 3508
5096 5668
4715 4429
5231 4716
3954 1935
4338 4346
3852 6502
894 1929
1057 7518
6861 4944
5062 2535
7372 4838
1156 6443
6938 1912
551 352
4490 2601
1616 7370
7384 7036
3608 6642
3271 5585
1666 685
6327 2799
4697 2065
4007 3398
6956 5656
6045 4737
3715 5018
3858 1673
1297 3588
6897 2394
1166 123
5388 1206
2256 7087
1294 6932
775 3665
4541 2422
630 1585
5296 1838
7204 2103
4716 2325
4875 2952
3674 2974
52 2905
5537 4060
1583 1340
1497 582
398 5856
4620 3830
7719 4287
3900 1574
2886 6482
4243 5205
881 7330
5765 3764
4122 1456
6283 5921
1799 2283
3530 3673
4645 2637
5175 1205
4260 5978
1467 6936
4048 4387
7309 467
7304 1484
4252 3091
5115 3420
2394 6465
2187 5666
1729 5466
3801 4495
4155 2829
7478 2031
4433 4651
7012 4280
2842 6551
4407 2806
3236 4591
5557 1479
554 7623
6662 2386
217 668
3579 3551
457 1354
437 15
5951 623
4278 6223
2137 1089
7137 5982
5381 7325
1060 4426
5683 6251
4880 7597
1996 2459
641 7619
2060 4154
1374 2980
5163 4479
6761 1919
1319 6516
4432 6937
6360 4203
515 4794
1201 1594
1621 6670
2840 5879
5159 5273
7247 4850
5424 3005
3095 4237
6707 1449
3060 7108
7127 1894
2955 2784
3846 2810
4153 1775
4901 7484
3082 6417
2612 1398
776 2628
5385 4466
1441 5203
1186 3142
7309 4363
229 218
1285 3781
432 5204
2334 5375
7369 3729
6727 1303
4844 345
2585 1749
6251 2025
2906 5214
6021 2402
661 419
3508 1085
4575 3325
1389 2571
7430 4701
4999 6249
6453 527
4150 6603
3699 192
346 2458
1302 2941
4764 1108
1691 2750
7508 50
1131 2370
2804 7533
6914 3523
6232 6180
2823 4254
734 2580
5461 1998
3886 4162
1057 6634
6292 4355
7423 6169
5415 5238
7115 6480
4388 519
6318 5009
7422 4327
4169 7650
2281 1803
7628 6821
3820 3337
5692 976
6711 797
29 1046
5000 2693
4645 1242
2055 5196
6359 5442
5372 1762
5880 331
5539 2751
1694 1106
5978 877
380 1068
3334 3557
7583 1276
7533 3534
6522 6525
7385 1858
6206 6339
4813 426
3198 6921
5121 460
37 1424
6304 1368
4563 1672
3076 5452
5031 1059
4245 5052
52 2241
6199 2625
521 5553
7420 4157
737 3051
68 3669
1004 7071
3651 3168
7487 1041
1217 3957
2085 5762
5976 3425
3206 1653
2467 7081
2799 1916
7419 6959
6759 1075
4347 852
5570 3718
4839 534
1068 6738
1193 3262
5330 5394
999 4523
961 3053
5761 2087
3671 2517
7649 1753
2955 421
7441 448
5321 445
1927 3819
3087 6026
3719 5263
1406 1334
4938 5309
4101 1664
1440 1144
6404 2495
6969 3118
7535 3280
7100 6539
7647 7351
5254 6864
5684 598
169 4885
4142 1940
1166 5357
5513 2595
5976 5746
1091 5006
5099 5757
1426 2717
1352 7319
3826 5977
718 4404
3295 5590
3349 3304
4014 4289
1292 1599
2706 4183
4982 4302
260 6896
1689 4045
4641 5337
3844 2327
6542 2830
182 7374
5945 1176
3034 5156
6429 4312
4202 712
5989 3736
2316 632
7363 5354
4116 1191
6736 1402
3629 5579
3112 5123
1128 3494
7378 1261
360 7331
1974 625
7125 5679
3918 7266
5055 7413
4179 213
3392 1978
4250 3297
3754 3265
2593 4933
3715 5716
900 4932
1129 2852
5668 5885
2000 4851
7459 2733
5645 2664
739 5080
5337 6851
4457 672
6449 4304
3525 557
7418 4856
3730 648
6500 5477
4898 119
4625 1752
4076 5871
6032 4766
5474 1439
5914 5772
1871 6698
7277 893
5604 484
6612 2531
1442 7285
7534 3835
6543 604
4572 5954
7542 569
2668 2981
4432 1884
2577 6941
7470 1716
1955 355
5489 2122
4476 1168
72 944
4958 3151
4504 2348
4790 3020
1693 4156
4198 7390
7601 1931
1659 5187
1725 3659
5182 6303
7165 5544
1360 3150
3576 647
7025 2199
2399 3604
2590 3783
5493 5077
460 6306
414 4075
1098 7626
2706 6606
3778 1897
2154 1786
7293 958
3852 5935
38 7017
1145 4393
4290 5228
1919 6702
1274 4104
4495 565
2605 1989
1600 2718
7291 1385
4333 3126
5251 4830
5551 6142
765 6881
6428 1182
6594 6141
2344 5070
2746 7371
5787 4626
6043 1658
3919 142
3027 4478
6446 5520
3165 273
3368 5843
487 1682
4029 1379
2101 3675
6093 7272
6013 3936
1576 7093
974 1124
7591 5209
2199 6659
2501 3734
1312 5289
334 270
5240 5039
7288 2421
959 491
7415 2284
2389 671
6072 6505
6796 879
464 876
3448 3148
6542 5391
6465 1593
177 3926
2013 5318
5688 4518
1033 6255
4853 7004
5356 1376
5153 2513
3131 5959
2594 3006
3606 5861
3918 4751
7337 4894
1590 5792
4146 608
774 2896
6283 6709
4362 6121
6615 4292
2947 786
881 6665
262 4175
3802 1748
917 6494
640 5922
1091 1167
7592 1520
1572 399
1611 3255
4373 2164
1454 2232
770 193
5492 2673
5705 2364
2727 5735
3739 6995
1138 6602
2020 2075
3892 3843
6611 3007
4308 2313
3016 4669
5658 7303
1201 7718
3236 3229
3825 2044
6589 4276
6911 6848
3218 921
305 2539
1982 3791
573 2514
4516 35
517 7509
5556 821
871 7642
7718 4522
1090 4311
1576 837
632 7612
5742 7265
7665 540
623 3848
5132 3556
6058 5216
5318 7192
4275 5766
7535 4068
2569 1623
4601 4200
5841 5957
5856 5194
1420 2478
5407 5420
3699 2665
7660 4023
5268 1638
2219 1458
6081 2943
4311 4805
118 372
2238 7546
3173 251
3324 7079
1664 2196
2139 4199
5579 4320
7002 7671
5438 4916
6763 6074
3903 7112
270 1170
2411 2448
2540 7287
2037 6518
4459 3225
5966 2401
3662 5925
981 5427
4855 5500
3675 4612
6284 462
7174 4483
5460 5868
818 7669
1271 5310
6889 322
1851 7447
5472 1195
296 4057
2528 7673
215 3740
6882 125
6691 6238
5291 264
2184 5691
6964 7540
7093 87
1275 5315
1408 4097
5652 7
471 3596
3723 5305
1387 3066
125 3928
6551 317
2985 7230
213 6273
2272 4799
425 5317
6081 796
6908 5628
7633 1221
7618 7397
4744 3432
684 1956
4182 5745
2065 3378
3258 1537
6044 4505
1051 1846
6838 5687
4453 2779
4378 5001
5238 7274
1264 4928
2042 3949
1426 6115
4180 4114
6942 4900
5010 6309
5952 3335
1346 1238
1949 1192
3906 967
2520 4984
527 4167
364 6799
2717 5998
1387 6483
7418 1697
997 688
5725 710
6146 338
1885 2516
3947 5349
1350 6507
1823 7381
1209 7433
6932 3237
745 3429
3616 6267
6904 3117
4528 3600
2323 2884
7688 4008
685 2828
2266 459
4659 6818
2514 3254
81 4374
5610 2913
4156 3507
3353 4808
2512 1259
7593 6930
4646 6257
1350 3509
825 3999
876 478
7539 6899
378 7622
6660 3023
87 5361
5722 5996
6431 5297
2009 1811
5860 3626
991 1023
4128 1686
5130 4230
5579 4978
702 5234
1710 4455
798 646
1256 3695
6784 6275
1570 3866
5886 4402
3080 5199
3857 5179
5404 1900
2839 4585
4204 532
964 3390
7270 7249
1283 4369
565 2141
1205 2207
4863 3748
5181 3070
1138 7676
5177 1825
3008 4753
1458 6685
5009 7479
1406 2452
6469 590
3810 387
7511 6928
4355 4498
5215 7175
1933 3457
3229 2620
7386 5815
3287 4732
1064 5300
2587 3549
7505 73
164 2358
248 3161
7120 1436
2268 6884
965 79
406 5200
3791 5206
5225 7683
3694 4256
1001 3630
3883 60
1102 4356
4904 5050
2816 4372
4843 1714
4110 7442
5595 4780
3844 5020
6864 3298
1051 5698
7176 7654
2813 3290
5200 3899
4704 1200
96 4550
1228 6355
67 7098
2939 3878
7490 3581
728 4424
6819 4890
729 6912
6636 1843
5215 5192
1089 6307
7645 6216
7137 7400
1938 1530
1775 7210
2532 3815
1504 4284
4617 4173
1865 422
2356 7510
250 6527
4326 2650
588 2308
564 6743
5260 7575
3911 3620
7432 4925
7477 7091
5842 802
3801 2626
6178 6167
4376 6361
3844 1878
27 7306
3035 5447
2467 6256
5510 3554
5612 4107
264 3833
4949 6145
1491 5029
7442 6126
4047 3214
6378 3496
2430 3411
2035 7698
4914 3010
3278 485
7550 5122
1232 2067
4865 6192
352 7279
6473 2026
2310 2999
4087 1415
6851 4717
6956 4117
1297 5362
2415 2236
1961 5014
3859 2562
5265 1005
1794 6637
809 6822
6661 6902
3476 698
56 1817
2589 4773
3157 4149
181 3393
3785 2189
4961 6010
555 2461
7593 3491
712 3439
6999 1223
1418 6757
2427 1797
5772 4221
3428 2206
3994 6403
5670 6984
158 3086
3815 4229
2668 4181
5868 3635
5880 4974
7292 6768
304 890
22 5089
6954 6742
5574 4257
2192 5278
5589 5965
876 1542
6386 5960
6526 7053
4766 6263
6304 6391
1955 7354
7093 6888
4211 5150
866 864
127 6151
1301 5161
7585 5100
866 4662
2778 2435
5240 1726
3507 1798
5050 5086
2459 4810
906 6096
5219 6274
2488 3460
2384 3107
5092 1054
5624 3001
5546 4567
6881 6592
27 4158
5640 4172
6104 5949
4045 2576
6706 4093
3190 5235
3198 6085
4967 4870
1118 914
5895 7191
5677 6734
3464 7302
6586 1093
2678 6451
6596 2613
5153 4652
2238 3506
6961 6746
7067 3433
6742 2697
4182 286
4592 5917
1922 3725
3293 1707
7634 6143
3604 1614
6245 1151
1920 7141
2461 3977
5929 7159
2283 82
7357 5596
7423 6310
1559 267
4240 3412
3410 7045
1358 1310
4453 1163
7457 3532
51 1053
4938 1000
1421 6344
1290 1298
6530 3338
5738 4640
4963 306
5446 3037
892 6471
6039 3797
350 1841
5976 6247
1645 5611
252 2215
448 7038
5068 1834
4892 7018
6508 4549
1301 385
2293 1427
1583 6534
6189 439
1867 4115
5325 1704
4809 1806
5632 5112
2430 6385
1445 7501
5949 4714
2223 154
4150 171
4649 6477
2539 4639
288 1058
3871 3343
1943 5416
3367 3850
145 3018
5825 2548
2462 1367
7462 6078
2402 4467
6231 1675
5350 3404
333 4960
1954 240
5972 4553
6913 2552
7378 4599
1845 3789
4739 4521
4549 1003
390 1175
4943 1383
1292 830
4381 3935
3276 5740
3867 2371
7305 1531
4826 1188
5224 6435
6478 4390
640 1338
6894 2945
1921 441
430 6493
7009 2642
5477 4788
4188 104
1194 524
3690 6517
3464 5731
2021 1754
20 2048
181 985
5906 3502
1274 4164
3492 6023
2816 5818
1020 1236
26 4795
3819 3002
2604 6809
6920 2253
5516 3634
1295 7073
335 1983
969 4444
6863 2853
3737 7030
3163 4398
3624 3130
5328 4233
105 949
1408 3660
2546 7013
4797 6139
5094 6418
3453 1245
7645 1399
2567 6641
449 585
3338 3742
551 3397
3462 4330
2283 133
5172 3561
2245 3359
3556 6953
3802 1390
4018 5348
2766 2486
5914 455
1059 7162
4371 931
3920 2019
6270 2073
7683 7548
2398 342
2665 3601
6637 2771
2086 1305
1724 3063
1241 6254
3903 2826
7002 2551
969 845
6631 4005
2826 5352
1162 523
4278 6188
922 40
4386 6506
5422 2762
7633 6726
6602 4349
4647 6105
5124 5542
317 2803
4422 3329
2873 2404
5166 7458
2840 760
4099 5076
7580 2883
2103 905
6719 417
3937 6398
1270 1944
6573 1035
1919 7276
7030 6101
6781 5490
1450 6015
5679 1717
3746 543
3000 1985
1102 4979
2024 7144
7296 3894
3660 1546
482 2711
1399 7203
6195 6740
794 2574
13 4489
7122 3713
6127 1609
4739 212
2075 4918
334 3203
1449 4334
3932 3221
216 1434
3729 6533
590 3938
2363 6442
4194 6092
4036 359
7470 6349
358 7359
7536 561
3812 5399
1694 7208
6997 1681
6297 2406
6752 1544
1724 6214
601 223
2403 748
1216 6565
6628 1768
4858 242
1136 2824
5326 4084
7477 3463
2517 7320
3412 5403
4541 4063
2052 5469
6047 2888
2814 7670
3293 2672
4975 402
3056 1741
5817 7624
565 7248
4908 362
4937 6857
3994 2228
1596 1695
4311 4663
6161 150
5895 6513
2401 6986
6824 5035
4087 6644
123 1959
3188 1635
6861 2629
1666 2874
4633 4688
2302 6687
2949 5933
7385 4092
2500 5221
1976 3913
2045 163
3137 5287
5647 6886
6873 2166
527 1
7500 2309
858 6925
6463 3234
6927 5272
6248 5690
806 2755
6163 7489
3936 4905
169 6568
1613 2108
5955 767
6793 4964
327 2623
4592 6839
2332 5097
1309 3841
5472 2176
6286 321
1520 5991
2845 4231
3998 2451
5632 3773
1239 2821
4339 5712
3410 2898
6433 5894
4507 7695
7683 5048
6920 7364
3480 1893
4663 3216
4094 1143
6660 865
4602 1934
3234 2466
1142 6160
5019 2420
107 4917
2210 2788
508 1253
6520 513
5843 7512
4916 1502
5976 290
1644 415
4133 2808
757 3650
7495 2445
3903 2465
6860 477
7084 6807
4763 1650
4487 4899
5376 2257
5566 4166
1161 754
892 4729
5940 5790
2166 6537
2710 6733
4885 4930
906 2286
1356 1395
1561 5411
2222 5053
2027 5398
4401 6766
1124 2827
6142 6370
1697 4834
4203 3436
562 7333
6802 405
5685 3828
6618 1711
371 3741
1616 1528
4166 7463
165 4207
6770 4551
1033 7105
1332 201
3840 3194
1366 1555
957 4145
6610 635
7293 4535
3939 2523
2390 1122
5167 407
7371 676
5959 7226
3207 3356
3120 6102
1434 4616
7489 1299
3925 7178
5626 4395
4987 5663
2384 1394
2182 5496
4254 7488
3025 5405
5230 85
3047 1715
4457 205
4797 7341
5695 4222
5130 7052
6385 924
2612 2148
6762 1970
5925 3966
3996 438
4859 6243
1052 2889
6980 6591
189 326
1323 2095
5854 1433
4371 2926
5223 2742
5228 6185
3651 7368
6510 1626
6612 2646
4585 5909
3992 843
5062 1713
723 4514
2686 190
4714 1490
3078 2200
5403 3475
784 3444
53 7483
1913 5283
3659 1512
7670 429
1775 7051
1115 2457
3125 2572
221 1287
473 6109
6903 4406
5772 954
3615 6917
4027 4562
4090 4103
2939 2379
2755 3028
3835 2231
408 2934
2433 5037
5656 7264
3823 7668
4990 7189
6722 4996
3851 6756
182 1472
3874 7678
3277 4783
6735 5148
3128 3962
1487 3204
7582 3500
6699 7151
6016 3192
4363 5693
6829 7498
4731 5836
4440 1222
1087 2335
3182 4861
3008 6771
7614 5136
2263 3189
858 5117
4424 4412
5803 681
5206 4660
1659 2100
1138 5095
1392 4524
4837 1824
1922 3795
1859 4573
6802 5301
2155 7662
2346 5139
4989 1139
2737 4425
2128 5098
4076 7399
3118 2920
4039 2639
14 1967
3547 2470
4556 2129
1912 3720
166 2683
376 3059
7517 1965
2145 2246
4944 3794
68 6713
4961 1050
7599 61
3938 6556
5369 4671
5702 2685
1317 4358
343 160
3227 4512
321 203
7148 5248
5702 2971
5350 6033
3850 6587
7172 5320
7198 5648
7064 5782
6197 3944
7419 3414
7433 5057
1107 3560
931 3747
3418 2701
3830 4746
1311 563
3076 4065
7243 4857
4796 302
6806 4642
5841 480
3000 3100
3768 5889
3834 276
6513 1953
4374 3863
116 2082
2955 5154
7608 6099
6832 1558
788 3454
5014 703
3826 7113
737 3079
4024 1830
3957 2016
4976 6181
3845 4004
419 7057
3474 6632
3014 4888
3526 6066
3817 2596
6517 4765
5712 2537
1606 3809
2099 1527
7097 6175
4842 3292
6255 3094
357 7184
7463 6376
1101 3096
1972 5431
3493 587
7354 1308
317 6123
7141 7340
1607 424
6378 7199
4505 6815
2043 188
1541 2391
430 4817
2663 6484
4482 4
2624 4777
3624 5525
4272 204
1725 2862
3110 3477
6048 5804
896 3081
1585 571
4411 3762
6720 2995
4174 7188
6105 2036
1292 1547
7718 3975
5300 5435
6109 6226
4610 7102
6178 4684
3218 3044
1097 1489
3389 3240
1916 5259
4818 6981
709 2304
674 7043
3139 907
4107 4762
2392 7234
4721 1499
6789 6311
2951 1092
5053 7029
5110 3101
1846 3166
5718 2105
58 6681
3002 6604
5645 6601
5032 5184
5849 2757
4744 4083
6637 2209
4589 6614
2004 5509
6126 6512
485 2464
6178 5789
4122 6174
615 617
3886 6891
7077 6347
5744 741
2445 4873
3784 3490
6770 1396
5376 3562
780 2833
5713 3313
430 4032
358 6031
5505 2289
5874 5164
4060 2012
6602 1373
3788 7327
4596 4161
2452 7560
3139 6962
3521 5081
6473 77
5730 6570
7396 3350
787 1320
1520 7615
2548 5724
2622 7434
2286 5720
2160 4827
4487 4833
1944 1532
6342 6200
4514 83
2421 1801
3742 2216
4863 6607
4397 4953
779 3558
2224 4559
5510 5884
2465 4384
6340 5826
3340 6664
5088 5753
5804 147
725 6075
6857 968
4238 6714
1883 7089
4443 6830
4221 3749
223 4678
6819 3988
1969 1260
6517 1430
5440 1584
2974 1634
1709 3968
6381 7471
6979 6012
2919 6833
3785 6196
4872 2014
3867 3655
6891 49
6917 4823
4633 6410
2364 5650
3936 3964
7481 351
5439 1784
20 316
2957 1351
6997 1029
393 4159
4144 1469
4697 576
2490 3215
3223 7655
7159 4185
7002 5797
1271 5852
2411 5344
5768 3543
3058 5661
7415 1482
2148 3075
3139 4628
1866 1907
1579 4492
1656 3803
1202 2301
5912 5307
2211 5908
2754 349
3172 6028
3577 3093
1911 6040
6839 3619
3490 3872
4583 6616
6480 2902
5595 1712
3276 6234
5194 847
5150 3201
4222 3930
4390 6111
311 3733
1991 4740
5684 3583
7507 5714
615 4738
7328 3300
613 3031
3788 3140
2215 2690
7198 1119
4794 7557
5460 59
3431 65
3017 7252
2670 4071
1505 6672
1722 4160
6078 4533
2785 225
5849 7300
6545 7503
2964 2809
5327 3712
7312 2034
148 4835
2849 2010
3815 1306
3967 657
4315 4405
7548 5535
6103 4776
7518 5119
2490 5423
4858 7207
5230 1226
5662 5241
7341 1414
2209 6366
388 3689
5566 3916
6507 5011
5348 6201
1166 1668
1304 4511
552 7242
1364 3790
231 2772
2984 1667
4127 5126
2959 620
3353 849
2346 724
522 4884
2385 4366
2827 1081
1298 3235
5508 7525
2298 1636
7364 848
1213 5483
3362 4481
2720 5498
7157 4192
3459 5517
5850 17
1625 2221
6149 4049
5020 113
4287 3758
2607 5061
1247 1127
6486 2472
5940 911
5512 692
5591 913
1223 7629
4406 4983
6987 7237
1216 1095
784 4947
598 4781
7464 4664
230 627
1430 6859
4507 1015
3999 599
2811 4486
1242 2835
5852 5887
3427 4344
7266 5236
7400 5245
5369 2194
5563 978
5940 3804
6851 6205
6965 6456
2980 6316
6474 1498
1462 3923
7649 5364
3921 4064
6111 7589
6576 6666
2929 1012
363 963
1859 1508
4233 5064
2393 4887
1452 7689
3770 5924
2670 2198
7287 4475
5895 4707
5694 902
7021 4997
2134 2076
1295 6874
1814 3232
2712 2832
4044 583
4131 7119
5202 3019
6870 4186
5401 1761
6374 2794
6516 2440
5933 1904
6886 7584
1302 4382
3770 246
1555 4040
6591 6623
932 7576
6022 6900
4836 2180
4113 282
2384 7672
1702 861
3078 581
7116 258
6141 4683
2033 6020
5518 1178
311 5594
6558 4609
5609 721
4807 4822
1808 701
7676 505
5202 6988
5107 5034
842 4962
4295 2900
4225 6495
6672 2112
7029 6147
4256 1324
218 5191
4025 2708
3487 7211
5010 5197
5606 7621
5485 1353
2084 649
2532 1669
4183 2372
4164 3049
5317 4828
6891 817
4842 3914
5062 5882
7562 2962
7427 1388
228 812
5203 986
672 2307
4246 535
5146 2950
4012 3385
6956 3273
5473 6472
4205 1137
233 1110
4014 284
229 7062
317 1770
7590 3753
939 3895
2035 7604
262 6007
5236 5900
5287 7680
760 5212
4493 7417
7051 6856
3232 4970
1945 3816
1924 5378
6563 3472
1430 2061
3414 7587
4683 259
6983 2627
4191 2098
5589 6842
5669 4593
4515 7156
4833 4449
4970 882
3664 799
4062 95
4579 3750
4129 2860
7696 4784
2276 1207
7354 6334
6197 6729
7589 873
7629 4197
4406 7522
4116 3323
6345 5597
6573 1026
4665 5822
5767 4722
2405 1313
3968 483
4460 2863
3320 4749
1015 4193
3978 6170
5988 2240
701 468
1358 651
6027 7262
1982 5141
726 6895
5470 3984
7441 4184
3644 4676
6718 5451
524 6082
4399 7054
1894 198
2517 2090
6390 4734
2568 6892
5070 4361
2908 7475
4322 7231
863 7307
4304 3931
2047 3384
7396 4026
5678 199
6563 3482
5101 1657
4589 2417
6497 2732
649 5681
6551 7502
5420 804
6754 4789
5852 4241
6205 6490
2953 5721
3752 3483
4313 3357
3496 2285
3016 1386
3649 117
387 1750
227 2208
414 2504
3869 4469
6231 5759
4819 1362
6931 1896
3793 5928
296 4936
4207 6184
3406 3879
1917 5971
331 5013
1763 1679
5695 5994
2192 6152
5920 542
1372 838
223 5527
3702 2162
1192 1014
4024 1514
2286 4360
4960 6056
4130 6377
759 4195
3920 303
2733 663
3092 6916
1860 5426
5584 6348
3205 1483
3333 828
3375 3678
5911 4163
4396 6613
4697 4002
3607 1906
3936 4643
737 602
5513 4800
540 4034
7695 2426
7584 2848
3406 4627
3433 241
649 3818
2074 675
3921 5127
5608 841
4500 7217
1385 1335
5875 3898
5626 144
5337 5410
564 90
1941 5227
6617 3868
5384 2940
3307 5739
6857 7658
4364 2114
5602 3197
5884 3722
281 5572
2724 4368
5991 3419
1843 7348
3478 7643
217 7195
3170 7526
6729 4969
5831 55
2281 5041
6418 1190
6767 7567
4115 5313
1528 1743
5489 5655
4638 2443
7059 5044
4338 3559
2154 1676
5661 732
2009 2550
3506 249
7534 5927
1633 7206
5639 2640
5589 1224
5698 2502
68 2177
2871 4840
1175 2484
2067 2859
3112 6051
5365 5827
624 4723
3354 2360
1136 3520
519 4867
1752 5155
943 6466
1320 3212
6287 486
6211 4951
1989 4431
165 2167
1662 5809
7028 6939
1630 2153
3891 6335
6345 1028
6032 7639
4173 6488
2108 5963
5341 4450
4172 5950
6345 2692
6173 4102
1902 733
2889 5931
205 6597
911 3645
7251 4681
4132 3595
6253 5414
7291 6122
7303 3766
3980 6521
4601 1357
5703 3680
4917 6264
4625 2990
5843 2563
7654 3831
2124 4623
4594 5051
4572 596
6750 3498
2410 2931
4625 3591
809 3146
925 983
4833 146
1373 4279
4368 5429
7268 1849
2931 179
3061 5814
51 5459
586 1254
7277 3370
2668 5961
5599 5943
6592 603
4676 4548
3572 2237
7390 2582
475 3233
7042 531
1824 5715
6143 7352
4746 1255
5929 293
5902 1031
4074 4816
6856 1690
6589 4720
2549 6923
6870 3700
3496 5103
4308 6427
7518 2841
2623 7701
181 5056
7256 6622
6788 7493
1433 566
5669 7180
241 3613
5187 2759
1196 791
312 7326
6779 6785
5610 5448
4025 4357
2629 416
3568 4217
5126 3617
5420 3211
6452 3529
4581 1375
1091 6272
7406 2151
4980 253
174 2492
2968 3434
2952 1048
5722 6748
816 4340
4992 1802
5174 4106
4634 4054
1716 7295
2539 1815
2895 6695
6634 1805
5376 6696
1446 271
7684 2526
6599 7316
5639 2914
7483 375
5319 7641
5440 6395
949 5896
3461 1067
3247 4540
1711 606
1503 764
743 1554
4736 626
7150 880
2839 1910
5886 886
7570 3540
1045 6639
7346 1199
3256 1796
6429 644
1573 4668
7504 4451
383 369
4574 280
6949 1079
6301 1065
1091 1771
2325 5190
1562 945
2939 2869
6704 850
1439 1663
2991 711
1195 3366
3482 941
6505 1628
1217 413
962 6118
6963 5008
2005 4190
3802 5748
4785 5664
1917 4011
4950 1685
1729 3717
7323 298
828 1336
1327 7521
1011 3030
256 2368
2618 4724
5034 2977
5426 3084
6954 86
6778 7531
7265 2527
2300 4201
2979 687
4192 5893
3879 3208
1720 655
345 5036
4284 2721
4782 6758
5932 325
6272 1510
1408 1062
5849 2797
1610 1448
3272 1966
4443 7703
5367 401
7110 1082
1709 6009
3072 6523
3920 6907
1133 1942
5408 7289
7590 3365
1413 1432
840 411
4028 2752
612 1975
830 3446
1045 2144
5601 7220
6935 7446
154 7085
6863 6804
1071 3399
314 1355
2449 5433
5158 3138
703 5024
4755 3050
4170 7572
1393 1688
1917 1147
6975 1948
6550 4693
944 6277
4199 1030
2601 7537
140 1696
2798 4277
5357 2353
1299 3901
1083 514
661 5689
4577 3927
5155 2599
6350 3686
5579 310
2335 5828
43 4470
6875 3847
4782 5298
257 891
4783 170
6493 4922
2714 5974
6778 7520
7561 6732
3141 5999
5359 4365
627 6561
4740 7598
292 6529
4663 2503
4279 1153
2871 756
2181 4768
4111 853
6478 5521
6732 548
2646 2747
657 2553
3041 4073
5675 3250
5630 654
7382 5293
991 6008
3937 97
4226 1655
973 6227
1953 2338
1965 1840
3577 4726
6706 2359
2492 2843
1771 751
3639 7010
3940 6579
925 2355
2873 6878
3199 7549
685 5049
3010 3538
4938 6487
2849 1602
6283 5806
4287 6760
2130 5810
4957 3380
5340 6333
3865 2667
2858 1506
1449 3908
814 3522
528 2954
368 6588
4749 4336
4230 4497
4149 5839
4548 5754
261 1580
3596 3997
6718 5211
5906 1500
1578 819
3623 2846
478 7182
238 6569
2927 6060
4062 7201
6451 3929
325 3912
248 5046
2182 2767
2179 1652
1726 5016
5208 2046
5231 2566
2839 3796
5144 4031
2051 6958
2372 5531
6489 6019
3654 1284
3413 3248
455 6260
4647 2481
5164 1863
1334 4941
3293 6792
2765 5066
2498 1478
333 6210
3874 3077
3274 4196
1710 3052
1184 2248
2275 5025
302 7076
4230 301
960 39
1621 4464
5666 6106
4650 3057
2191 5636
3200 2958
644 4831
3103 2861
5444 6409
2944 3631
4885 4484
6203 1908
7391 2439
3926 2764
4209 2666
2029 2088
6850 5864
2684 4741
7394 4906
7252 6994
3029 4564
7418 4555
7207 6207
3762 7063
2841 1515
2966 4448
647 2903
2911 6865
1472 5413
6637 6003
3337 130
3284 2658
4638 6380
1906 1877
4275 403
1872 2347
2495 5109
1385 2454
950 5737
6350 1869
2286 2505
4680 236
2072 5778
6299 3328
5117 2269
5999 4143
4524 6176
5044 4869
3317 3238
4572 938
3412 2744
2371 4291
7250 520
6486 7173
5083 6454
949 6156
219 3213
7410 7402
6106 7070
5360 7096
5396 2183
1542 6580
5391 992
6950 4703
220 5299
3476 266
972 6990
6601 7164
2449 3373
2589 5186
4658 1565
5540 2118
1232 6434
7590 2195
6967 7037
246 3658
5981 206
275 6250
7001 2494
4523 7014
332 5486
1314 6684
3052 3727
808 572
3041 71
6255 6715
3510 2201
3756 4283
3649 1661
2007 5129
5085 3628
1266 6769
7549 1737
6531 2041
3062 4427
3007 6356
4076 330
1563 6703
4641 4927
2566 3310
1473 785
7119 658
3870 6630
1647 6266
4342 1781
6371 7497
4998 5491
1598 1468
15 1766
3491 2260
5889 6745
1787 2097
3188 1272
182 823
4449 5872
1111 4568
7020 699
3941 2677
2005 458
1955 6295
286 7216
4701 4770
1803 5729
3703 4586
1292 7411
2303 1460
4032 3652
3263 94
549 110
5596 1952
6984 1540
5905 1277
2026 1444
487 771
3821 6144
3957 1425
2828 2175
4529 7715
2091 3586
2176 2698
5497 1888
1311 7714
5027 6440
6514 1839
6435 3196
2721 4718
7119 1773
3271 1113
5951 5222
7697 3033
4817 184
6672 5592
1507 1495
2248 6705
1088 1076
4767 3132
6449 4058
939 682
4145 6194
4948 1879
999 2909
6500 1464
2382 4752
5896 1461
2874 670
4074 6872
3798 2615
6111 2468
3485 1525
6541 5306
5963 7377
3056 807
2424 4779
2199 2760
1751 7039
722 2555
6531 1534
4061 6843
1714 1307
3817 2726
5688 4547
30 6079
6160 3515
2043 3348
7330 2460
2332 138
5954 755
3858 200
289 5719
4934 5087
4447 1639
7509 3281
7547 5613
7238 1047
3181 3048
7699 366
2866 3440
3213 5760
828 6700
6772 180
666 2993
3485 4030
4133 7163
7510 6228
890 3160
791 3261
1553 3974
5746 3245
4548 5726
4204 6786
5689 2157
7588 2970
3720 178
1361 600
4376 4902
3553 1455
646 1997
2676 2080
595 7444
2228 2795
2204 5295
6963 5582
6244 6690
4702 7376
2702 3792
1532 4748
7491 5366
405 7431
1614 4603
6746 6430
4002 4730
4351 2149
3967 1856
6705 4846
2718 2716
4216 1759
7168 3838
6745 826
3566 6067
2381 5042
5524 3648
4362 7358
1078 1382
5761 6731
3 5565
5228 3345
2158 404
4368 6133
396 5246
6503 340
2043 4258
2858 642
4 2081
4396 5456
3339 3814
7695 3593
4525 1631
6977 6669
2596 1731
6333 7360
4061 3230
5026 4945
7057 6332
1137 6315
6225 4554
963 3381
2576 860
6144 4725
2704 2998
128 4123
2844 833
6266 1738
1129 4009
2095 6119
2137 4259
7645 5948
172 7072
4099 1818
3426 2123
5575 3382
2033 1074
2492 4352
4507 226
637 28
3587 1203
6078 7068
182 7335
731 3113
4100 3771
527 4891
1133 4300
4947 3808
244 2963
3642 3176
3728 5696
5389 6782
7422 3361
1565 6116
4294 6328
7601 4584
2526 6193
821 9
637 4679
7383 7224
2795 5445
920 2669
2886 4619
880 5021
4144 4271
5204 7166
3546 6065
7030 2233
4138 2244
5111 7146
5379 7435
6201 3177
7259 6723
2151 6128
1017 1769
4530 1263
3668 7011
3195 740
114 6657
6326 1526
4327 3533
511 6498
7686 2773
2213 3501
1056 3779
5703 6708
3614 1018
3954 2418
6740 3171
7456 5387
2613 6037
1943 6108
2439 155
4852 3179
3186 822
1787 1699
1927 639
6155 2912
7211 5942
3531 5992
6677 3217
3291 6462
6063 5441
6175 7171
1832 1248
940 716
6471 1231
4737 6783
4635 7044
3250 7656
1893 597
3459 6070
2937 6560
959 2015
6903 2217
6677 538
2843 6814
1201 951
3089 5217
1774 2152
4131 2656
4692 1055
7360 5464
6339 2738
2946 3222
1850 4375
1654 4491
5232 6282
3653 4022
776 7519
5228 7225
4065 4105
3814 3517
4393 2345
3616 1646
6263 735
4968 4667
1570 1765
3281 3068
5199 7132
3705 2333
77 5953
6676 3342
216 1551
2586 3610
3055 2928
4785 1130
4977 3759
6945 6816
6815 265
3146 3775
73 3512
881 1022
6243 2554
6078 2456
5769 6989
1189 7651
5402 2030
3234 742
1072 6384
6642 5504
7644 2636
2286 3401
7055 1349
1142 6549
2687 3267
4275 412
3068 7155
1101 1243
1692 2078
3950 5616
4302 1757
6318 1539
4839 1397
3976 2700
4608 374
5809 5899
660 3376
6883 5331
3798 1269
4297 836
2383 7563
6487 2173
5841 7286
347 1492
2202 1293
1178 3286
2600 2652
6738 952
5694 6836
7413 6290
6278 5128
4348 7209
6140 5873
6299 884
4151 1615
5668 3692
7352 1024
3291 5243
5406 5990
1549 5454
4425 6330
1248 7429
1820 194
661 7158
3950 3805
4184 6402
2590 2416
2046 994
5563 3193
196 6154
3547 6405
2991 2745
2373 1174
4580 2116
6147 433
7553 7392
767 3466
3062 3210
6939 6068
4910 4494
103 4519
4263 6668
3339 6654
1179 5903
101 3956
3642 3782
5748 5968
7262 5980
3701 3726
5519 4743
6627 1909
5256 453
183 2557
462 7485
6664 2110
3641 1343
3211 7031
1411 5870
5261 3311
5358 1289
6 7294
5169 6552
5761 1601
4958 4653
4090 7283
5112 4420
7364 1831
6588 996
3722 7709
3447 6095
3258 156
5812 4527
2046 5233
6378 3681
5238 878
43 5417
530 4804
2990 33
5811 2476
7601 589
3054 1950
2986 1181
5079 7571
3947 175
6478 4824
4948 4812
1461 7200
5300 1964
1228 1114
1290 4319
5336 1988
5569 6373
6446 7228
6957 7034
6627 6564
3266 3905
2929 1257
6128 6968
4308 5780
7693 6584
5998 3147
6514 447
4282 4759
1706 7066
1299 7140
7154 6528
2180 1588
5542 3244
913 89
1259 7436
4768 7632
7610 730
2083 4019
473 1705
3310 66
6266 5237
4915 7117
525 7190
2874 2409
196 7514
6522 5844
1808 7065
100 4791
3082 1591
6106 1778
4239 2973
6914 7035
7028 777
4103 6005
5117 6944
5156 5793
4810 7016
6667 124
3650 7246
5405 46
2486 7637
2803 239
1957 4210
6867 2227
5312 5249
485 4972
3869 7273
2511 2606
456 870
6542 5851
1109 5603
119 1783
4829 1536
6803 3360
3668 2469
392 4125
2841 6933
4146 1518
531 6515
1640 6929
2019 5143
1542 5023
4888 3421
992 1158
5801 1453
4127 365
6322 4882
2327 1905
3130 1703
6959 2367
4458 2544
3211 3622
2641 2121
1009 3099
1931 1126
2370 7675
1106 7005
7433 2274
3442 5374
1798 6656
7683 3164
940 7048
4976 795
694 6084
6387 4991
7320 6461
6025 6970
2312 5877
5195 3275
5238 1876
442 2723
2173 3760
7691 7219
4952 4288
5295 3667
3937 4542
6511 2519
3049 5514
4064 2915
5595 1925
4056 2197
1961 6827
6729 2792
6156 4526
7642 1509
1028 5436
215 3346
7250 4442
3065 2660
7505 4419
2761 5583
7684 5983
2676 5545
5939 309
7397 6678
305 7186
3456 1772
4222 5631
7449 4015
5463 4329
2162 7080
1635 6795
4327 6577
1392 2634
161 4614
1947 885
6277 4860
3277 3514
5358 7280
4778 1403
1243 5676
2677 2318
4727 6383
3053 7008
4818 904
825 6898
5512 6125
3022 1548
5585 5333
3287 5189
1750 2163
3098 2558
5442 1032
7001 2825
1789 7290
3557 2008
2499 4070
6470 5853
3559 5776
4784 898
3745 2002
2834 132
6804 3875
4481 5428
967 5941
3788 4931
56 4923
1553 6296
6365 187
4839 7356
1853 2113
3899 2357
4249 3637
5956 5533
1599 3688
549 1946
6623 4461
181 5183
5693 6712
7241 7114
6495 773
3915 2169
6072 1822
4910 8
5724 6445
141 6650
5038 4569
6049 801
618 3069
6948 7128
1343 4570
1683 4687
3536 2188
4602 4510
4844 3488
2156 3394
214 3709
5349 5651
6907 1864
3503 2647
4282 34
4342 2631
5812 5515
784 7476
895 5866
4062 930
1369 2538
1445 5910
4980 4121
3640 2205
186 1135
4082 6261
4346 6626
2232 6540
2890 4435
2800 3115
1162 7271
7155 1816
7271 2311
5866 4436
7235 2545
5704 2434
1695 705
3208 1198
2250 720
4635 4187
355 446
3871 5795
206 875
7105 6651
7390 2541
2162 3599
3125 7705
6684 1477
3314 998
6973 4696
5007 7187
2919 2731
7371 7685
4805 6172
1877 1836
3029 6457
2210 4417
6924 6817
2099 5898
6775 5380
582 6876
4517 173
4311 1618
7450 3910
5223 3330
6197 2102
82 6633
3129 3391
289 3676
5518 3772
5202 2893
3005 3085
7171 1826
898 7407
4804 341
181 3679
2615 2040
4795 574
3802 2444
1954 1932
6418 6204
753 5578
6325 1687
7606 746
1912 6780
7330 4000
5366 2485
1156 5432
490 7657
3783 529
2360 6006
1841 5774
7322 4255
3959 6544
4909 1882
7604 6064
2646 6424
191 7202
7045 5936
4370 3882
6105 4973
6616 6918
6052 6289
4773 1208
3471 7261
3271 2352
6530 1084
3785 1962
979 6871
4973 1980
4584 489
3165 1632
2672 815
1207 3279
1281 934
6312 793
1920 1315
1019 2865
777 2329
5259 7350
5655 4441
4477 3979
2446 4560
3197 3909
6215 2529
7187 4316
5230 4760
5685 2342
3718 7056
4715 2560
234 176
3771 3174
1758 3153
1267 6828
941 1157
1498 7223
2394 6276
3437 7179
6062 1736
517 982
1508 6421
2568 2064
6789 6985
423 6438
5041 3430
6847 5292
1320 2150
3669 4078
5712 1809
5124 2739
6427 1116
2869 5244
2594 6834
1277 7196
