9471
7681 7009
7681 3981
7009 4896
7009 7241
7681 5164
7241 5193
5164 1037
7681 1214
1037 7157
7241 6127
1037 573
3981 424
7157 3957
5164 1135
7241 1429
5164 7383
573 3955
3981 8968
1135 2042
1214 349
573 5847
5193 7318
3981 8443
4896 6428
1429 6707
7241 7087
7087 7688
6707 3526
8968 6291
3957 5115
1214 9239
8968 3841
2042 8565
2042 2472
3957 9434
7157 3797
7241 6018
349 2476
3955 7015
7688 5632
5115 408
5632 6675
349 1774
1774 3446
5164 8157
7157 111
3446 7636
1214 8986
5847 6527
8157 2498
6428 8400
5632 5447
1429 517
2472 4764
4896 529
3841 3697
2476 5080
4764 8568
3841 6431
408 1279
8986 3031
3981 1666
3526 1575
1575 7864
7383 5034
2498 8807
3957 6165
6127 4740
2042 5313
424 498
6291 3215
3215 735
5447 1639
3526 1978
7318 6397
7636 3833
3031 495
6018 2315
1037 4194
8157 2124
2124 4330
573 7703
5034 2258
498 78
3833 2448
3215 4333
3797 6850
3833 8787
6165 3748
3031 4722
1279 5852
3748 2865
529 636
3526 43
7636 1949
4330 9160
5034 2672
1575 9348
2042 8100
3957 9258
6675 3403
7009 8718
111 4758
7703 3478
78 7142
9348 653
2042 7114
3031 2803
2803 9469
636 3616
5632 4068
408 6147
1037 4388
7009 7051
6147 7966
1037 3264
7015 5525
3797 7550
4388 6732
5193 7832
2472 7678
6147 8788
5164 955
4758 1676
408 6559
3403 847
6675 4164
4194 1390
1135 7845
7966 8175
8788 5887
4896 219
2672 7272
5632 3785
7272 629
6527 3853
2315 6322
3981 4628
4628 66
2803 3626
349 4953
9469 8293
498 7320
7318 8748
8718 2966
735 76
7550 2986
2865 5140
3957 9363
3697 4667
1429 3574
2498 9347
8807 3322
529 1248
4333 153
1135 5428
3833 2427
4667 5744
5847 1142
1774 8097
1429 9216
629 1134
7157 6321
8565 3850
153 9229
498 6283
219 6278
1134 8168
7087 7819
219 4756
1135 8797
2427 2964
8986 4016
6428 1237
2803 672
1676 5620
4628 4078
1134 6275
8788 80
2964 333
2427 9350
5887 9305
9347 8557
7272 5412
3833 1553
1135 8078
4628 6033
735 7829
333 692
692 9096
8797 4502
5428 2601
4333 5863
1774 6234
1142 3545
1666 4188
4758 5438
5193 3879
3981 2002
1978 5795
5525 1320
4502 6164
636 8054
3853 482
8568 8664
2472 5571
4896 8153
3446 2086
3853 4648
2601 3847
482 4064
219 9208
5115 6171
3215 6046
8054 7346
7383 7077
4953 1652
7864 8351
9160 4210
2966 7994
5847 4494
3697 2511
5428 7964
4764 8836
9363 4813
4628 4507
5887 4394
4764 7672
7688 6343
7009 8847
4953 5385
5080 9386
7636 1728
5034 319
3833 892
3847 4691
9434 4144
1135 4668
495 188
4333 7488
7681 486
408 4566
1978 3986
7114 7747
3841 7123
8157 8972
8986 5758
7964 218
4740 5190
3850 6966
6046 4561
9347 4003
4507 477
629 8516
6147 8147
6343 7907
1279 4646
8157 6024
3526 7396
8168 3594
653 1518
2498 3964
2042 4469
3697 5306
573 5424
6675 3742
3841 426
7964 4682
7318 7221
3403 3862
6397 7164
4764 3575
8718 3467
9160 383
5758 1020
6431 6383
3853 6909
6147 9381
8351 5374
2042 7486
4667 7602
8078 4676
8400 975
517 3074
9096 127
7832 6996
4758 6202
5115 2975
7747 1924
3841 4134
1248 5636
8078 9309
8097 2884
7688 1825
4758 8543
188 1327
1518 1005
153 1292
5847 7810
3526 170
6202 1658
847 9031
4016 3744
1658 1131
9309 323
7087 9147
3574 3048
9348 6107
6559 2357
426 9442
7829 1215
9208 7166
7087 5250
7747 5895
5758 3256
408 8672
4003 1881
3322 5869
3574 3528
5525 1278
7318 8747
8097 2522
3742 942
3048 744
8175 1665
66 6571
8054 2638
6966 7849
5744 5616
8100 1853
5313 2102
7114 272
1278 2475
9350 7010
3264 2615
5620 814
153 5091
5313 6803
9147 4217
8557 5071
2522 953
8787 194
9208 4277
4003 6721
1020 2125
5438 1808
8968 4088
3748 802
2475 4558
7681 4526
2884 6550
8568 3128
5525 5523
3446 7312
672 9264
3797 658
5525 1042
3955 9291
6431 2383
4068 870
7166 962
4526 4222
8153 916
4740 528
6732 9158
6383 998
2615 3321
3256 7457
2315 2926
942 4376
7009 2700
692 8795
1005 263
8972 3548
7994 7668
870 805
2002 9222
4134 7098
6397 4180
3575 2629
7098 6726
636 9183
6571 8371
6527 8803
7672 1909
3850 6195
6996 8203
5632 2690
5447 8823
4813 7755
4756 4214
7681 7056
9386 7524
5795 2262
3575 7758
3841 3251
1042 8740
4064 2225
4566 3313
3964 4829
4829 6835
6909 6811
6675 5986
1320 33
4628 77
7077 609
7098 5067
1575 481
498 5524
76 7788
7602 8394
6527 7016
1978 4409
5632 9299
9158 598
8394 4240
4088 7290
3697 7326
6383 7946
1215 3085
8747 4876
6107 3468
5250 9340
5758 4170
2125 6374
4676 994
2262 5661
8516 5775
333 131
8557 4673
6527 286
4214 930
131 1069
4376 5381
1042 5386
7098 9213
3446 6629
4064 5486
7946 8345
194 8020
4016 7253
3548 1019
3847 4767
7221 1948
6527 3638
319 4126
4953 5903
2448 6132
3744 7226
4194 6153
4896 6945
4144 2284
8020 6705
7396 1024
802 2585
3478 302
319 563
4494 8548
9096 5407
9258 2318
2803 5325
4558 8467
1292 9157
8718 8401
7486 3874
5067 9349
6147 7535
323 6150
1881 140
916 2796
7253 7271
7016 3443
7755 8209
735 2775
9349 7034
4558 5194
3744 588
4126 1081
8740 1772
8748 3832
8968 8967
6202 226
6033 2338
323 2947
7678 2537
930 8133
6107 5536
1237 4008
7241 2479
6527 4297
3256 5512
219 2533
6275 6638
4003 4438
9258 5532
5386 9103
8168 1803
4164 3399
6283 8235
4673 3427
5313 4005
3797 6522
1666 2867
4088 5764
9258 1796
2585 8408
80 2468
5620 4960
3594 8341
563 321
1909 819
9096 2339
2315 35
1575 3628
5091 6015
4297 8343
5374 1003
8972 3422
2498 406
4673 2707
6835 3734
1237 8227
426 4449
8100 8922
9309 791
563 374
7123 4523
9434 1412
1652 1580
6164 1385
2498 4366
406 1261
7396 6508
3467 7089
3616 6537
953 8433
975 125
6909 9124
4953 3513
8516 970
4896 7597
7829 582
6343 9122
9160 2489
7318 4992
7098 9335
7016 5264
5869 6464
4558 3566
4068 4260
6018 770
4214 396
6508 4363
9258 8874
3399 5237
4449 9116
127 5816
8209 8683
4214 6719
8400 5235
8054 200
8433 5474
9183 1224
3986 5057
8078 2572
1214 663
4691 1757
1924 7162
2615 5345
6164 6409
9381 8801
4003 5159
1909 9202
8847 266
4210 8503
8683 2428
4960 5688
6147 5756
1518 6284
4953 8101
5616 5242
7535 6765
629 1259
9202 4909
7320 1335
1728 840
4330 6111
8400 322
5486 1338
6559 7444
5194 7150
8235 6361
9116 1549
6537 9128
1652 2393
8203 7165
805 9265
4829 6796
4758 1572
66 5924
9349 2841
3128 6820
7114 3735
4909 3605
8672 4097
498 8273
3638 7516
3853 1314
7678 8721
4388 4256
5775 4560
8168 1178
4188 8315
6803 4151
1020 9136
4088 6930
66 6212
3626 3618
7221 9418
8801 3008
7114 1511
9158 7910
4068 902
4366 5002
1003 4895
9381 1791
9103 7575
1518 5975
4005 4548
6343 7620
1412 9113
6508 504
7077 891
406 4045
1772 2092
1412 2824
5115 4397
2262 3826
6165 2035
8557 7420
8568 4685
8748 1474
8803 1855
953 4115
2357 2239
1881 3740
5571 900
7486 7040
4394 9304
5852 3673
2841 3429
892 6481
7320 6205
3256 5126
1665 8217
286 2259
1214 4637
2537 7987
2428 4934
4767 6348
9442 6926
4170 7574
76 166
3399 9302
6537 3512
7444 70
4164 1773
2262 4200
131 6888
1652 2769
6996 3327
814 3881
3986 6742
6732 8895
5126 3071
3575 8255
7221 5997
4507 1075
3031 5180
7420 3558
2865 1437
1666 6602
5242 493
6343 279
3322 3283
1412 2577
4064 138
5385 2691
6508 8039
8788 5069
1978 5167
7907 3158
6571 6577
482 8416
1881 1955
5744 5968
5071 800
4953 251
3833 8388
319 2766
6348 3958
2986 4450
1178 6200
8568 2974
9229 4869
2769 6751
8801 4702
3605 686
6150 3082
8401 3759
1135 7137
4297 4062
7326 1107
3566 1337
8664 7194
1948 9102
4214 2515
6930 5567
7966 9318
2601 3658
9222 6834
6343 1479
9318 2310
6945 38
3638 9310
658 2677
7810 8569
6165 8505
4210 440
892 6258
6522 1138
7747 1342
4896 2335
406 2194
1075 2344
1652 4318
4005 3572
1949 4952
6164 5592
8147 1312
6629 2178
7089 6653
3785 1501
4330 3069
7098 8441
1518 5365
4691 6626
3322 4405
744 29
251 4364
5250 8455
528 5132
498 5231
7574 2223
6234 9105
5126 8244
8788 3765
2615 2795
3128 2255
3862 1733
1518 1938
6811 2600
2964 3811
5002 2130
2086 8023
1549 5366
8227 8256
9442 5162
6283 6965
9183 9018
8922 85
3256 6309
3575 1291
7056 5233
5365 3532
4364 4501
9113 1754
6527 150
440 2274
1314 7129
2638 6491
6431 2716
9031 5697
8922 6781
7271 8941
374 9032
111 3895
2947 3651
1909 3342
2489 9324
5567 1344
200 7519
962 3491
1005 1113
8441 6516
9418 7215
6516 2442
7137 3148
7271 6656
6205 103
2796 5789
3797 9408
1107 8999
7486 8142
5366 3097
3512 5611
9157 3070
4637 6023
9124 4862
1412 3514
1069 3703
5250 5515
2284 7919
9202 4570
4676 1861
349 8104
5512 1934
77 5224
2086 5087
7129 7196
1774 3919
9310 1080
2284 8449
6719 3355
5132 7
3422 163
4064 8561
7271 2408
5975 3154
2511 5963
495 5936
76 979
2795 5892
8467 1522
2035 845
6803 6213
8100 8990
2102 1651
8101 3337
9310 5685
8748 5302
8561 6876
9363 5967
4164 6763
3574 7382
3429 4865
5057 1738
5087 7133
4277 7746
1224 1013
7150 4329
4064 7410
7271 387
6522 3324
5968 5703
7620 199
1437 1290
7550 5940
3031 6219
2427 8057
5703 2829
744 5609
3074 4278
9299 5225
3574 7872
5571 2565
8664 5634
504 783
8543 2516
7320 3854
6537 2441
5697 7704
3526 1854
2690 4233
6966 5931
3468 3299
3575 269
5193 6898
2638 4032
3478 6249
4097 5166
2255 6479
8718 4253
3874 7521
1429 5899
1738 376
1327 4274
2677 7974
2572 1229
7034 8899
891 417
6876 5341
8235 7322
4274 8420
6234 7149
5523 8117
4005 3232
1978 106
4200 3535
5233 5552
226 92
43 3122
1796 8271
2476 6331
9136 1087
563 1323
3785 4273
800 8699
9291 8756
4405 5291
5438 3269
1796 6855
4097 4353
43 7309
916 4577
3658 6745
7312 3424
9018 4190
6765 4340
6966 5276
7034 6133
5744 2104
4376 2625
2310 1890
263 7643
8175 2551
8999 6801
4682 2854
2489 2914
153 6771
8899 1299
686 5682
2766 1508
1224 3791
1290 5707
7994 2129
38 8368
5407 5907
8516 6725
7444 6238
5532 2072
2672 6567
8455 313
127 941
3532 3876
1518 4413
1279 9121
930 3655
3399 5456
80 6693
3853 158
4016 5927
7383 7969
5661 972
2223 1058
3748 6665
2585 993
8315 8010
3759 8937
38 750
2865 537
424 7922
127 9051
1733 5763
1652 5529
4909 4487
5661 1716
7602 5253
3791 8026
4134 7459
5744 6785
3158 5928
2479 5541
6665 7820
6638 1876
5609 1843
9309 628
2479 1686
1278 3156
9128 7566
3673 3768
7241 8165
6522 8691
3429 4042
1754 7933
1134 4521
3069 542
5167 5349
7312 6746
4507 2063
3558 821
5775 7126
2629 8212
1107 4491
7040 3859
6428 8328
4469 7733
4637 3650
4685 2140
7636 9089
8664 3435
6234 4202
3069 8551
658 3897
6945 8432
7098 1848
8503 5482
9318 626
598 6179
3299 8604
5167 8415
962 3379
3321 2434
8142 1647
582 5836
6571 712
2225 491
2434 7231
821 24
5325 526
9116 9249
9318 1795
783 4716
8235 3587
5567 4964
7810 8445
972 745
6234 1628
8244 2950
1314 2793
8568 8905
2867 8091
2130 5638
1042 5947
493 5319
8569 6068
3232 8753
5758 8920
6284 4536
4032 1449
3574 8213
2515 1562
6656 9138
2479 3856
313 5032
376 1463
735 8897
498 4996
4078 8623
8133 8409
4397 7811
9318 520
3895 6031
2537 1677
2950 2149
24 8384
219 828
2516 5370
653 1661
1075 5693
953 7871
5685 6040
7010 6697
5847 7897
6751 7874
5552 922
493 5205
1142 2300
321 604
1058 4311
7703 2017
66 7021
7874 3843
9018 5331
4330 8490
5529 1975
486 2170
5632 5548
4548 5783
9160 5951
4222 4390
6464 3971
4200 6861
4548 7785
7457 4530
1647 2684
5224 5079
78 7676
6258 5770
2707 2208
4869 2348
3748 5076
6150 6806
1652 7310
4278 3098
8937 1597
3446 6985
6898 1352
2178 6619
5928 5668
8104 7090
321 2936
9113 2689
3535 5766
3697 4316
6479 7378
2975 8373
5385 6142
2017 6438
2357 566
3841 7750
5947 6174
8568 9373
3854 7736
1881 7305
2793 7223
3512 3639
5193 6885
7746 8657
1024 6087
744 5377
1299 3812
922 2139
7231 377
374 822
8455 8469
942 4789
2700 8550
4450 8915
8097 2480
9051 8194
4329 5049
8394 3837
3594 3250
4667 6618
5253 1578
1651 4142
6133 9142
672 7270
111 8063
2300 6968
1772 1345
9469 2755
8104 2325
4501 7202
9442 1112
800 6644
3526 2778
6985 36
1352 2888
6571 4021
6781 2847
194 7024
8023 1411
6438 8689
4756 4425
5707 395
6930 8659
3403 3153
2428 6887
2258 5118
7676 5431
482 4759
5707 4920
5924 2421
1686 4968
3628 8552
7290 7379
8550 4077
8503 8278
870 2596
5634 2746
9229 9163
2489 1484
9147 6579
7194 2031
6697 2000
2479 7687
3082 5720
9258 3433
3639 2003
2274 3674
3148 9199
3958 5550
5115 8090
3655 7720
1518 5481
2063 402
6898 5985
6571 6114
7142 8208
528 8372
194 6381
2600 4690
4561 8907
3082 4117
2974 4090
8400 2550
5924 8706
4996 889
7223 4125
2684 5955
1948 1192
9031 67
6431 910
1738 7726
1385 3218
1429 6448
4008 3505
3587 9226
3650 2137
4952 9191
2140 3362
6985 9171
994 3903
8836 2385
4896 9393
1518 456
9418 5468
3299 2887
3957 7571
1501 499
2338 7049
2139 8996
333 6825
1501 136
870 3423
5955 7894
9103 3292
1652 4215
4005 8995
8691 8954
3843 3235
1335 510
4673 1106
6174 8324
3986 1947
1651 3985
3514 7712
9310 8301
8990 8841
962 1592
5592 5946
8561 5719
7396 1266
3874 6647
272 3764
9142 3617
5775 7397
35 4058
3833 8132
4682 7696
8937 8861
7758 4018
970 5213
7231 5540
4577 3538
4077 8613
922 8584
5609 4406
9442 5288
6806 1835
1955 1166
4487 8417
6291 6460
7090 7965
6015 347
6571 8098
2847 7441
4507 7548
3575 6293
5118 3972
4253 7745
9163 3366
8568 2750
8417 4710
9142 6218
8920 2228
3327 4500
847 3601
5512 175
6781 7140
8328 4324
5703 7350
2479 3752
7149 2191
3601 214
6835 1576
4964 568
2684 84
1853 3784
2511 7582
9160 682
3097 5045
7745 1712
8432 587
6803 1446
3443 3326
1572 2377
5852 6328
6132 7494
6200 8160
4409 2382
1259 5570
6745 4348
84 4781
2170 3578
4865 310
6031 3508
3674 8482
6619 5429
2063 3789
3324 4707
199 5414
6213 8949
510 4351
269 4465
5685 5436
1652 1794
3655 4017
214 6744
4759 2464
5438 4626
5167 2665
1501 5993
6348 1903
1261 7141
2191 1875
3443 2266
67 185
6926 2545
1215 2651
321 7171
7750 4410
8691 7786
5707 4672
7755 8233
537 5047
4628 4883
517 7934
6381 707
9265 5411
6629 1520
3812 7600
5775 4453
7350 2645
4274 6739
3342 8965
272 5762
9096 3386
4032 5369
712 407
1875 8200
8995 865
8990 3769
377 1371
333 6525
1134 3266
3703 3272
8023 5977
5756 5659
8905 2340
376 8669
805 7078
7703 8615
4996 654
582 2449
9304 6013
9096 8757
1658 3880
3122 3206
805 578
8756 6313
9102 957
2975 8819
1639 1304
4561 7414
349 630
5703 2057
3423 3406
6013 718
6726 8692
5233 1231
80 7517
629 1953
1304 1994
5707 2726
3324 5840
8823 683
7946 7652
6015 7915
7966 1813
9408 1240
8455 8106
1342 145
3074 7398
4144 4446
2393 1057
5468 5864
5951 8526
9340 8231
4876 878
8160 2977
3443 4980
1774 3723
2348 4729
3903 8167
2225 641
6165 4083
5693 8407
5816 6364
477 5290
6763 8018
5847 8960
7688 8484
194 5555
2638 7780
5632 6560
2063 7753
6171 7554
9160 1137
598 5254
5963 5972
1266 7884
2325 3484
4494 2254
7459 1530
5770 3359
3811 7692
8692 7112
2194 7992
1774 6503
6726 6799
4409 8777
9222 5327
1463 2761
9105 4556
6796 5015
6205 6889
7137 5694
2408 7295
5541 1191
4862 580
3446 6838
4277 4306
3514 5883
8543 8586
5045 2457
8409 1094
5237 4587
24 9195
629 2710
9442 6545
4021 512
7678 2706
1572 3193
3514 44
8757 2663
7872 2230
8415 5819
2498 4039
5242 6050
1106 184
6889 655
7051 680
8469 1489
4980 4102
4449 3935
3981 645
8787 355
5302 2717
5762 6832
7994 9294
5253 6546
8565 7105
847 8835
6381 7031
3250 8496
4363 7725
6835 8918
85 7452
3703 1625
6322 265
5370 1011
38 3503
6602 9083
8167 3474
4363 3641
2522 7393
5411 6598
7678 3301
2339 4741
6602 441
1229 8571
1712 7375
7290 7945
1728 4423
7393 7008
7566 532
1075 1085
4188 790
5620 1478
8954 9458
251 3170
2137 5655
6707 5537
2672 2673
265 8556
1113 9061
5525 6586
5424 3305
9199 837
1020 3009
9096 1392
7253 1359
7992 6677
499 9176
78 5083
8388 5170
1994 1830
103 2731
7444 2121
4502 7578
6571 3205
7397 4714
5819 7585
2577 4875
6705 2101
6801 8766
4883 8297
526 1188
6428 1254
5967 5232
1903 4167
5235 508
4980 926
3292 9046
1658 2889
2585 3332
8217 5196
6835 7856
5288 3828
5231 3350
1278 509
136 72
1658 2800
214 3961
2847 390
7696 9277
2638 3398
2716 3151
2140 8834
5541 7960
828 3629
5638 7432
5928 5750
3605 1457
7678 3732
3903 1063
5766 6709
4297 280
456 2599
4188 3590
1773 8654
5118 4050
5291 4434
2755 3124
498 6670
184 1181
6200 3242
322 5082
3321 3106
7758 1387
8278 1468
440 5606
4277 1167
6629 3873
106 237
3106 5980
3587 2440
9264 5554
6850 6870
4521 1559
1890 4605
4388 3801
6888 9215
2615 8164
5863 212
3535 8339
3326 4709
127 3821
2596 7837
4548 983
1142 6474
3759 4874
1385 5344
5213 6450
4934 8395
7270 1629
5693 2948
280 2133
2596 1263
8209 5187
1639 7761
587 2192
3826 1893
3587 747
6448 1409
5685 483
4324 8327
6428 5287
2865 8195
103 6790
9061 5024
6742 4464
8954 4853
6508 6330
5707 4913
2572 4519
1508 2287
2310 9255
568 5748
7024 9379
7310 9182
5816 798
2344 4235
7864 5737
8999 1790
508 5681
2829 768
3697 6809
3327 6289
8689 4624
3503 7914
8373 2946
2545 79
72 6757
8777 3606
3526 1234
3986 7385
4134 1514
9264 3910
8213 1328
2124 1698
8657 5221
7746 7355
7040 9006
8209 7957
2254 6979
7745 4871
6966 5416
7142 6679
4960 7308
7922 1982
5688 6921
508 6866
1947 624
7398 5393
9226 4249
8339 569
9102 674
8747 6800
3826 496
4980 8191
7575 2135
537 1422
8659 5699
7974 3482
4064 3171
4869 7012
2726 3452
402 8477
408 3207
5306 3663
7459 409
4491 7860
1020 6299
127 2683
4494 8312
4587 4938
790 4842
4883 4531
4980 9339
7271 7274
1479 2774
4405 6770
5688 1226
8209 2807
8748 6585
1948 4590
3359 3557
4363 2202
7420 2528
2101 1373
1677 1913
7681 7640
1166 651
8874 6412
4875 7627
3548 1469
6142 3450
7171 1445
2348 5877
3566 9398
8565 4715
9265 3027
4558 1507
8568 8325
7548 3191
7837 8437
4577 1092
5187 7577
8691 8904
6343 1194
7874 5322
8401 6993
185 6295
2121 1857
6127 8050
6164 2141
333 3462
2348 8703
8467 6240
199 4257
7753 4185
2003 5633
6111 6181
6751 7722
2124 4800
3250 2921
376 6430
847 760
3629 6922
2031 734
7819 4301
6033 694
85 9014
5523 8612
1328 4585
6809 8123
5816 8112
5940 2913
4531 6401
4716 5243
712 6932
7410 2787
9124 3260
4142 6886
3558 1837
4920 244
1861 8189
1924 6253
8748 3146
1075 2122
3797 4092
1092 3129
3491 379
2731 7461
9182 1503
4676 1082
407 2064
7969 5363
7087 2052
9258 6421
6525 4124
5015 4692
609 5996
2936 1936
3862 3365
566 6849
8327 1636
1094 2206
3673 6784
6033 4377
8922 897
2393 142
1514 697
3791 9117
8437 7377
8552 5677
8217 1895
4909 8073
3742 4426
6855 8931
8568 1915
926 6190
7600 5613
4434 191
1005 411
8835 8878
802 460
1094 6256
7133 1901
5928 3466
5525 3345
5170 6710
2135 6360
9216 1616
5250 4287
6602 8041
6450 9152
1224 8250
2841 5095
4390 6774
1385 8888
3853 3692
7758 3282
2262 708
2663 6078
6719 9017
321 1233
8482 1052
2795 3417
7874 9274
4585 6611
7914 8319
3422 6815
3879 448
7051 5964
1578 4575
218 2025
8965 713
6050 554
8613 8783
744 2103
8231 4652
5525 4816
8420 3353
5744 6977
8368 9196
7309 2218
889 4569
5940 1821
7444 1372
2192 8881
8543 6099
2986 1389
1738 2470
4363 3531
4324 4462
8623 5206
1278 4509
8657 7170
6806 4726
8571 5621
8401 1428
1107 921
1647 5354
2489 5215
7849 5408
2133 1361
1092 1370
5548 2958
9183 881
6278 264
6977 8370
5524 2009
672 8779
7577 4499
2137 8438
127 4511
2052 5999
4548 5143
3903 8065
6719 550
1559 3511
70 7558
7786 5678
1982 3442
4406 3050
1312 8720
2357 6314
508 8239
6153 4907
7271 7990
3365 7968
5140 5500
1949 7480
8100 5223
9191 21
43 5257
9083 1332
2338 8234
3826 7229
8995 3002
5836 8978
7461 4067
6147 3016
4934 2653
2615 4119
7077 2426
1131 978
8672 6988
892 9094
3765 8752
1013 7434
2057 7406
2133 8523
5206 1607
3313 6684
7202 6941
7346 1860
6742 1906
630 6136
1915 9037
7165 6995
4672 5128
979 1705
4874 2543
4217 2587
4333 2168
8123 854
3526 7365
6887 7511
280 2019
8996 939
4274 5767
8020 7861
5678 2724
8325 1061
8888 2145
2537 8896
4624 7280
6784 4020
2854 6176
495 7371
8565 384
7378 7930
8065 2405
9152 7793
1489 3760
417 1675
8954 5604
6721 8746
7934 154
5616 4820
2511 1453
7272 2603
5095 1336
7640 6467
8905 7616
2470 3716
718 1554
2348 8152
7636 4504
972 6002
1411 5933
5069 8185
7016 615
6653 7033
4953 2992
6002 8241
6665 9143
8117 8465
9335 5772
9117 8547
5840 8186
9121 8224
6328 8006
8407 7807
7112 3137
3398 4728
8874 1045
4740 7773
568 7989
7788 2126
5638 5084
2824 702
8164 1091
7535 6734
4672 2450
226 769
3628 5134
7681 8396
6739 7306
2755 6303
1409 3014
7968 8831
7548 3815
8417 8460
3511 738
1507 8494
2913 1907
302 2554
4017 473
6218 1041
3082 8632
520 2036
1738 8025
6656 3583
200 1717
3919 4795
8904 6613
3128 7232
7312 3633
8757 4617
8683 4416
2672 7859
3027 685
3826 2349
7861 3291
35 7827
5967 1070
8834 8302
1936 3408
6930 7389
3027 5038
3002 5485
1835 6793
8505 4418
1135 8019
3545 2394
8255 2095
6460 2930
6546 2589
7722 4408
9229 3848
1392 2890
8209 3872
7290 1472
7566 9271
5936 3593
7773 7929
3811 2985
4126 605
4124 9057
426 4262
626 8919
409 7847
1371 7899
4494 3334
4017 4261
4418 6853
3097 5061
1070 3827
6670 5502
5126 8418
4728 6169
4188 8649
8185 9041
1138 7092
2052 1121
5164 1689
8949 5309
3955 5889
2104 3126
6888 6084
9216 8140
2338 1026
6479 5941
2795 3012
2545 3257
6732 8202
8394 4296
7196 2662
8819 5879
9061 4718
2986 3543
251 8856
6321 8732
2950 9344
892 7284
2274 6672
4907 9453
9299 3729
6412 4106
2103 1749
5091 7269
9124 5918
8078 1930
2700 3093
3148 8263
5688 6722
3158 2920
3326 1073
3424 5112
166 2620
8345 6974
7310 3952
3205 361
8568 168
2554 2767
1409 5446
4853 9240
4126 1862
4388 4545
5927 1225
5819 4031
9083 4145
5290 436
7910 7896
1106 3888
6618 327
7322 4567
3071 698
199 257
4691 4432
7420 8914
2884 3800
3269 5220
702 4108
5291 8585
578 6963
5231 6933
1903 7625
1511 8013
5015 4860
2986 2419
9302 4213
4530 1072
2572 2812
166 7826
5253 2018
5887 1255
1194 3678
587 2881
8720 8052
226 7343
7558 2616
6195 6166
6656 6177
8747 631
8612 1596
9344 524
1572 6301
6234 8984
4253 416
6656 9466
6725 6130
3594 5543
1057 5787
5951 996
6068 4956
4585 7959
4003 7986
5309 949
3272 3051
881 3995
6013 400
1336 6791
1511 8179
692 5726
4376 8288
9305 7483
145 4619
4577 3595
7992 5013
5079 9282
8020 6623
2385 195
7652 3121
477 4966
1975 2423
8400 8511
4425 4325
6467 2618
5609 8598
4215 7227
4469 8719
6474 9332
1337 3293
3744 7936
4366 295
6428 3802
85 591
7398 6750
7640 8900
327 752
4714 2156
4789 7534
5967 5814
4097 3231
2122 1548
7105 2089
3097 3934
822 9275
5863 2024
7968 6969
2377 4693
8449 7766
5632 1114
2717 3377
805 6451
2884 679
983 3921
5525 4817
4726 3517
4301 3550
2881 574
683 1161
460 8452
6299 4591
7668 3228
9116 4936
598 6365
865 4319
7310 982
1371 1632
6212 7671
5931 108
1392 2619
7899 5392
2255 4686
7521 5278
4672 186
2890 3708
2645 4854
5225 6483
6381 7317
5482 8080
3879 7918
4413 4371
4491 8361
1549 1326
2230 4535
8407 356
8418 9279
6638 6041
1137 7815
3716 2273
4097 3349
3626 2087
6313 8826
517 1039
2427 3672
1080 3926
7758 583
4869 5583
840 1464
631 3063
6559 7376
5536 6089
8100 884
4758 3005
7012 7641
5931 2332
7343 514
2620 4192
7845 9292
168 1985
168 4977
1472 8679
5933 811
2887 2105
4759 8581
3156 3192
5540 6749
8931 4448
1572 4904
3716 6287
6765 4386
3256 4607
5446 8349
1553 1410
5431 6938
1449 249
7871 8103
3740 3533
4261 4150
3850 2155
1636 8096
7295 9174
1503 3868
2225 9170
8057 5905
1409 784
2121 4323
5349 8970
752 5752
5482 1281
7856 7584
8565 7289
4042 981
5276 4086
4507 60
7098 9194
4556 5433
6838 3139
6995 6352
7965 2594
4377 5397
8438 7808
2769 7301
2572 9423
1075 4461
7346 4777
3674 771
2716 2610
9466 6159
2587 6609
5707 7838
1862 818
6166 6056
8233 4209
6966 6224
3881 4825
2310 5531
4408 5490
1665 8049
1237 8535
5140 6718
6889 2784
3322 6316
4351 7743
574 8177
3821 3224
9216 7013
8556 8872
4535 4480
1389 454
9152 3248
5481 2388
3121 4855
6200 8966
448 6108
3139 5533
1181 3820
5515 1499
3379 2347
5512 3933
2865 4157
6111 197
2618 4479
4938 8406
3272 7070
6770 4892
5964 3701
4296 5285
698 3318
3106 1824
4249 8079
1982 397
5720 7448
3590 182
111 2818
8212 1077
1934 4195
7320 2532
5433 1593
8297 9097
379 9212
8949 6053
5787 929
1428 4798
6811 5565
6046 2136
3417 8750
8795 48
4577 7762
4707 1963
5985 3140
2677 165
3466 7044
6586 73
5533 2291
4980 1765
2619 3110
2716 2195
4418 4513
2274 7442
4363 5418
7899 9415
5232 4476
4126 2395
3881 6535
6577 7053
5193 726
7457 6186
3708 6561
6803 8141
819 4527
3833 9359
5456 6668
1337 4302
1037 1962
770 4595
4862 8156
1422 7278
941 4851
6995 9023
2824 8882
272 6880
7819 5574
6886 7071
8217 1996
2448 9066
5291 4997
802 6600
3452 8316
2129 9120
629 7498
7010 8509
580 3649
3321 4703
6866 4678
9157 8862
35 8618
498 4040
3633 6857
2528 4979
3085 4378
2867 9329
598 470
2239 6125
4673 6510
840 2971
1857 5127
2596 1912
3933 6011
2170 2525
1138 6229
6181 1735
7494 8707
1647 8778
5500 4971
5067 53
8200 4516
6133 1627
4854 5728
811 4792
7636 8428
2395 7064
1229 8610
2395 3682
106 6302
1373 6038
9097 8545
1233 6603
4709 9161
4869 9177
5354 7225
7306 6553
4222 7213
1790 4128
6938 9197
6331 1670
7554 8616
67 229
512 3034
6719 643
4157 2341
8104 1201
2537 5273
8649 7570
4446 34
3248 4886
383 5168
1336 7238
7231 9261
3732 5837
9122 7352
3051 5742
5159 4641
6922 848
6876 2727
7441 8889
2881 9327
7558 4597
8416 7178
5190 3304
8160 4252
8995 162
8384 373
48 7663
1320 324
7864 5031
6885 6883
4996 7417
3140 2959
3121 8267
6996 7237
5963 4369
168 139
194 1741
7077 2752
7056 1954
1895 1851
3606 2217
983 5601
7406 3599
8550 8143
4502 7319
4777 9231
3071 2345
2259 1206
1676 8350
4311 7680
9089 7911
848 6649
6977 5569
3650 6197
2018 6349
6314 4824
1954 4455
6677 1984
5366 3493
7237 787
4235 1307
6031 246
3121 9290
517 4868
4781 1831
5536 551
4333 2355
6301 5176
9458 4766
3811 6022
1135 5320
2102 6121
7871 9440
8920 7104
3797 5547
8551 6282
3158 3407
1639 5419
8616 8564
4016 2827
2684 8166
3784 519
7516 8886
8649 2873
1472 4572
5264 4026
8657 6269
3366 2667
6176 2613
8777 4139
8449 7456
5076 8042
8841 2219
4240 6312
5431 1086
5024 927
1830 7581
6450 4750
598 9192
5224 2196
4707 9238
5345 2424
7396 3240
3760 7073
9304 505
9031 8910
2133 5077
1003 6404
3543 2591
8327 5886
3139 5696
2964 4976
6546 5372
9176 1156
8960 2161
3322 4417
4678 8009
5306 3115
3452 2962
5980 7579
6448 2694
5636 2556
6321 1159
5767 5979
5685 4136
941 1450
8401 1284
7602 6828
5968 12
8349 176
3821 5862
7414 3775
481 25
9423 198
8490 164
3337 8004
8803 7163
1474 3904
6166 5991
9147 6170
8465 2547
5634 1179
5250 4314
2300 8731
2795 781
3427 4286
3031 2070
6179 3457
5344 47
1549 9106
5814 7824
4820 2851
7241 9411
1975 2559
2689 8326
1131 74
6291 6095
3139 1541
8778 2231
8212 2738
7871 3731
6269 7005
6668 2461
7747 6382
4252 5025
5365 3157
8581 6137
8018 9424
1254 7095
750 1127
3590 1475
9373 3280
542 9184
6820 2573
4871 763
3837 7096
5187 1864
8756 1102
2784 42
5699 9155
9329 2944
3731 3610
2766 5335
5886 5729
5456 5230
6889 3891
1359 4258
390 3447
7284 6426
1578 5046
4682 7467
2475 5724
6527 130
5254 8846
805 1874
1003 6231
4964 846
8960 2560
7826 1043
1070 8705
5385 7901
416 114
5955 1986
7031 1925
3764 8987
5223 3908
4449 1151
7966 8923
4756 3096
185 8617
436 4023
2448 7311
3321 415
2440 4790
5703 699
327 3866
3986 5097
6644 4811
197 2390
8406 9015
2964 5861
3322 6472
9290 2695
7223 7072
4377 2552
2690 5676
4214 5158
1075 5154
5365 490
5127 2549
4108 6422
8420 2836
8325 7156
4672 7373
654 1122
5095 9464
5374 6475
6038 4295
9031 2261
2537 2028
8394 3546
7129 4870
5996 1747
9014 3882
3157 6610
2653 4985
4892 1150
3191 6156
7663 3261
3512 835
4329 3420
5772 6690
8324 695
3723 9107
7232 190
1150 5465
6603 6591
1077 7268
8217 159
2559 3755
5720 341
5879 459
8341 7161
1215 9207
840 5384
5975 171
409 8716
4560 869
2129 5493
6690 8107
3399 8088
6801 2825
1159 5824
6734 7998
9332 6860
5273 1656
5290 1492
9105 8243
4108 3317
24 6841
5242 1667
7378 4399
8747 8981
8345 3542
5436 3052
4348 8880
7312 2112
8617 3804
7104 5504
7687 7710
1953 6831
8437 786
5864 7662
4487 3267
8568 1933
2390 4993
2092 5704
6857 1776
4895 948
1234 3236
1831 4914
1772 1239
7078 1168
3115 9405
7073 7702
1489 1566
4192 1294
5327 7771
2533 5368
6240 7347
4119 6149
4330 4395
3379 3072
1138 3303
4261 6091
747 8751
1658 8698
6361 288
5290 4554
8167 9086
6799 6416
7570 2741
7268 6903
4956 7036
4144 5716
3098 1551
1292 5811
554 7527
25 3792
4142 2043
6577 9
6611 8318
4031 3757
8900 8759
7692 8120
2865 579
6181 7451
1069 6759
5541 5874
4249 1917
3856 2701
6649 3393
1412 8376
6322 8317
970 2497
8096 7619
454 2150
1214 2117
2130 3705
4136 839
5187 8402
3606 841
835 9336
2716 4138
8904 1560
1821 5275
3443 4933
5076 1243
8897 8572
5977 2014
4240 3825
509 6615
6365 4343
9017 5351
8889 4321
5025 2870
628 7898
2341 4917
5543 6274
2528 457
8418 974
2259 3333
2559 6532
3995 2935
7934 2045
6231 3419
9097 325
8990 5526
8371 3492
9014 6267
4875 831
8141 3592
79 997
5049 4098
1091 4725
3334 4542
6397 9256
1337 7299
8960 258
8834 8530
1121 8792
7317 1845
8747 2248
9171 4683
3063 7251
3578 7348
7432 255
3583 3278
5918 8162
460 8729
979 3018
5047 8609
7397 8696
921 181
8740 6276
3215 5121
8368 4169
8101 1190
5895 8222
8795 1937
47 2046
4455 5653
9116 8765
6732 3099
377 4116
4854 8472
2266 5326
361 7508
3192 1802
7819 2760
949 2994
9066 1693
4050 4547
5381 9429
837 4048
4521 2756
3224 54
8327 93
1102 7532
8610 3486
8905 8504
2851 9443
4714 5935
2287 6306
2126 1849
6177 3684
514 8701
1392 1810
3732 5580
7687 8287
4875 1682
1890 2032
2274 6279
5428 1557
5097 5527
8467 6837
2537 8764
3512 1971
4726 807
9066 4488
2812 3696
4952 7363
6460 8576
7681 3316
8469 8988
4676 3001
542 2843
8750 3920
4854 4946
5418 9360
6853 2961
1895 8171
7992 6003
7467 1731
7129 7285
1194 6691
2095 9026
5852 7852
2273 455
4067 3540
5067 2816
3398 1959
1472 5177
9324 1574
4405 4414
1484 5332
6202 6731
181 6685
3048 2723
4214 7334
6922 6193
3269 334
9264 4315
839 3370
4016 3335
3748 9156
579 5974
6685 6098
5127 7224
2442 4836
8156 22
8490 2406
1578 6688
5991 5400
5118 8
8561 1202
4536 2751
2695 8269
8586 4305
4509 5990
3606 6411
6744 3180
8907 8334
726 7426
3616 3361
185 5262
4213 2642
44 5922
43 3886
4595 6915
4395 1265
6785 5146
1058 6010
8079 4580
9212 329
680 3262
636 6673
5456 7756
8472 5573
4386 9053
1830 1504
5377 647
8472 1736
3482 4698
5327 533
8271 2494
6253 8544
9128 9253
2133 4704
8185 6043
583 4593
7554 8912
3398 4910
6638 3187
8349 7180
1901 10
734 2942
4348 2779
6765 5039
8807 5204
1045 876
1138 7147
4938 6290
3952 3298
4740 4028
7627 1613
8888 2514
1955 8580
7636 4610
9157 88
2750 5413
4465 3570
6003 7080
3322 8240
1576 5796
70 5608
529 2938
1332 1403
4214 1388
3952 3556
4217 7159
2964 4074
3903 8713
5486 2813
7092 9317
6174 1053
708 1357
7040 6413
5525 8085
6993 1301
5374 4901
1410 544
6553 7263
5661 6459
7725 8007
8171 6558
3278 2483
6988 1631
5205 2499
953 4602
8968 2567
2710 222
4964 2004
9174 1048
1410 5702
8713 849
8191 5342
6328 7139
831 6280
8168 2188
1357 3150
5162 7501
7720 2924
6850 7246
1468 3991
3854 1589
4023 9375
8026 3858
5170 3219
6834 1366
1312 6215
2567 6574
1166 7298
1562 3437
4488 1078
7837 368
3740 696
2800 5100
8505 4973
8132 8534
1915 6407
6757 6505
3848 2297
5408 5732
8106 5208
8584 4885
8581 4844
3866 3636
6165 7199
5166 5692
3850 3049
6153 1669
4039 7294
1137 4612
3422 9259
6328 5588
1039 1565
4388 8804
3316 2237
604 7151
1830 794
5363 4822
8897 5135
3826 570
5302 8363
7312 9412
2208 1060
3701 9054
3303 7977
1409 1755
8156 6487
8179 6262
4215 7349
7444 2765
4886 6952
1024 8329
7636 6457
7202 5226
1337 527
5112 5452
7915 2221
4526 616
2427 2372
1077 2521
718 767
6142 2143
4707 2460
8293 8262
5935 7658
1138 7576
5704 8011
108 6620
563 6572
6915 1612
4637 1746
1403 6357
5692 5978
4115 6500
7616 3772
8669 2869
1796 8857
5864 4916
3557 5813
2752 749
1345 2216
5756 2107
4895 5932
1337 8486
3772 3669
1689 1485
436 676
6903 6754
3639 864
5608 5203
2476 2054
4602 3702
1503 8303
7871 1929
7414 7996
9051 3946
5154 1270
2921 3987
4449 3823
1168 2224
582 6247
6841 4850
2694 6236
2046 2309
5899 6736
8400 7057
25 393
3150 2444
5290 4941
8203 65
3236 8031
9253 6199
424 1664
5345 7926
3322 3415
2136 739
7824 5906
3406 224
288 7279
1403 3413
4874 5117
5750 904
574 5942
3881 5831
3305 6943
4966 2708
2873 5788
8751 4775
8443 9382
5126 39
5193 8497
1575 37
9143 1096
6801 8528
5203 5806
5922 8131
4710 8206
7180 7951
9398 3773
7720 8540
7371 6568
4703 8867
3921 973
3326 4514
6571 7728
3903 7740
7989 7136
3731 4239
1772 1165
7398 597
2004 1640
3669 6373
5758 7287
6611 650
2135 1272
7432 3011
3248 2790
7874 3331
3789 1282
6084 1425
3797 3502
3784 7803
8664 6669
8757 8607
973 5900
2388 2053
3422 4053
6790 7833
5205 8500
3093 1105
2002 8215
2406 289
2577 8805
127 8183
7347 5054
7894 8898
9103 7633
3650 1505
7452 8172
1411 5240
7319 4225
1282 2410
864 7205
8 6223
4996 9162
8705 6259
2340 4785
6202 3829
4369 432
4871 3783
8206 6350
3420 2077
6330 924
3769 9395
672 1711
9124 3516
2032 7019
3016 2898
983 5745
6930 5746
7008 1444
5132 2280
7299 3284
5796 4037
8370 8917
3099 2456
8329 4990
4612 1704
3031 4445
5038 4234
6803 2241
6619 2612
5447 8789
3443 3949
6365 3356
4800 8690
8273 1313
7819 4550
5504 6858
6803 1153
7811 2022
7156 6115
1639 3864
6031 6957
34 3430
8912 2945
4883 7399
5257 6375
8732 9232
1389 8466
7227 2010
790 4010
529 1351
2528 3372
2843 8355
4455 5832
942 5617
4098 3311
3639 1700
6815 5274
8789 173
3946 5673
1326 4280
583 3436
1666 6976
5302 3006
8098 4358
2914 2257
6870 7329
481 8652
7365 1241
2225 7701
4825 6923
2887 5401
7668 8876
9184 4922
5889 5667
4192 2597
1094 6761
1906 7689
8657 2993
5332 9220
9442 1028
7451 7200
9332 5075
2775 9387
8096 9148
5168 8332
384 2172
1153 6435
6357 401
454 2088
7663 5937
4542 6327
3242 5050
636 3045
926 2526
4570 1129
7285 2925
2287 7061
7946 3385
4116 4923
8452 5133
7263 3163
4316 4988
4020 4424
811 8908
7157 8741
3543 2353
8186 3105
8889 2271
8882 8366
6267 2203
4233 5944
5468 87
8580 5539
3365 5048
2921 1641
7272 6960
6050 5442
5363 7961
2619 4109
6732 9420
4548 5721
3009 1707
3430 3247
8571 6112
5941 8155
4715 518
4077 3777
1194 3026
4488 5026
9424 6633
5424 4655
6835 8510
8836 8666
6985 3707
2191 2911
4523 8829
957 8434
6108 1375
6784 4129
7389 3559
3407 7390
2036 5459
5154 6096
1138 5612
4502 2693
6887 2038
3516 3668
6945 9250
1915 4889
1224 8279
8175 7685
7194 4837
504 6555
5342 1713
1728 69
6853 3489
8235 5791
5694 3221
2172 3397
6774 9135
6107 3747
170 3405
921 3830
244 6925
3674 5607
3744 8844
6500 4143
8186 1637
7636 8187
6200 2988
1299 3855
7238 3989
6725 3181
4234 9038
3511 2275
38 7759
7874 7603
2756 662
3110 2397
4904 3007
3847 6402
195 757
6459 1034
2095 3197
2784 3809
6837 9072
8106 6344
4413 8259
2092 7921
2077 9471
1080 7154
2638 5282
5999 9099
1501 7362
5932 3796
1937 546
8856 1277
3512 7573
7832 8369
6068 3899
395 3984
5468 7490
6759 3459
3697 7495
8898 8634
2300 3975
1686 1163
7070 8606
459 6948
1776 41
8349 2015
5661 2047
8107 4852
6933 7749
140 6370
1665 4342
6321 2438
7901 511
4295 1838
2803 3695
7837 5316
3785 5761
3474 925
1572 1740
3148 1660
537 522
1810 1809
7907 4735
5254 7846
7832 232
2031 4845
3800 3852
1270 681
1953 9334
4993 4056
6921 8635
171 1788
8019 1397
8490 7572
2642 2876
4023 421
1575 7613
5257 3495
4394 1368
1020 1645
6205 5298
5087 2211
3841 3778
8288 7932
5533 2051
9102 3319
1592 3665
7385 7834
6301 9281
3052 8491
508 3175
2589 141
7582 1958
7078 5841
6018 6482
1070 5680
7532 6246
7238 3709
2689 5138
8088 8405
3796 8793
9057 5597
6577 3634
5127 1568
7771 8037
7998 4841
3663 7674
2684 7595
4550 8539
3682 7026
1895 3980
8691 2922
739 2062
5607 2163
6550 6082
7575 9115
2672 8678
546 9007
3789 4849
1072 562
5565 3387
3595 4079
2450 5820
3874 9169
9014 4608
3063 4926
7334 5575
8610 5794
2577 1871
1712 1258
6038 6385
9113 7721
3365 7505
4836 2502
6806 8641
38 8708
5366 8930
7166 8887
6943 1185
8098 100
8263 6194
3605 463
397 1071
2554 602
1241 8488
8756 2704
7620 6106
2870 5209
8649 5101
70 5878
1613 7186
2255 7107
3543 4857
3975 2505
8634 8704
3074 2996
2724 4571
7613 1525
878 6899
8302 3865
631 1743
8213 4159
3772 5599
2318 5479
2448 3306
6535 6486
3129 5873
1938 6265
8288 4093
3429 4512
4125 6786
483 1646
8841 3835
7810 5870
5873 5648
8301 6371
7151 1256
3417 4751
6343 6795
4217 8796
5115 1306
6926 4352
482 8957
5873 2864
6926 5303
138 2020
6112 9024
2394 4387
7105 8688
8731 2226
839 2243
8504 2940
7575 8712
158 2826
7051 6329
8666 9233
4767 2758
1248 4815
8009 7361
3365 1956
6279 8145
4841 3226
432 4415
9066 7751
5659 6767
9256 8067
226 7209
2261 545
5354 7043
8823 1685
1808 5023
6850 4103
972 8444
6759 6378
6247 8424
6765 1806
6467 7286
7026 6730
6121 1792
6626 8577
355 3898
1740 6814
4408 4998
1565 3108
4273 6737
7136 6380
3696 7261
3332 4339
6809 7176
4542 8313
8497 3644
5275 2465
6571 2236
8200 4292
6579 6250
7575 3263
7347 7875
4507 7192
1387 5173
7 1213
3478 7943
7689 9267
5532 1715
323 4441
3467 3849
1593 7812
460 2609
4296 4839
5525 896
9379 8733
2168 2739
4142 9172
356 1132
2921 3185
7859 8163
5456 4288
1474 4712
4157 4621
6574 8464
3269 3924
6673 3485
997 5576
2890 1246
8547 4206
222 5989
2947 536
7253 3715
1640 1777
962 2290
5905 7135
5204 2821
6653 7120
3705 6621
6633 5000
7721 2283
4190 5195
4685 7512
2761 6703
8234 4427
3012 1187
5332 1017
4136 8015
6730 28
3311 161
2372 7724
536 2123
7702 4515
536 4802
4050 1927
4129 7244
1134 5494
8777 964
5413 7988
5306 4674
54 3473
6814 7715
1107 8476
9291 2074
5170 8459
5159 6877
7756 8451
9249 5497
5039 642
925 4695
3137 599
111 6900
5697 3068
5764 398
1645 358
3345 4344
159 353
5118 3581
5975 8894
3248 5973
5837 3196
537 3116
8067 1918
77 45
7139 5293
2959 4004
5936 2987
3833 220
28 2633
686 5722
4729 3223
355 5445
5928 442
3989 6211
4028 7189
2739 367
4260 8625
7498 761
2353 102
4587 8599
6095 2364
2231 9044
3016 6762
7964 3127
8091 7660
4751 7767
9348 4063
6693 2265
7745 7804
9023 6285
4039 3931
544 6531
358 4221
3011 1317
3423 9131
6500 6182
3669 3383
4134 8925
2002 2907
4324 7219
7826 1502
8467 6782
7318 6039
8106 6323
3874 1298
2971 6198
4157 3021
5168 3717
5775 1547
7224 9468
1468 3685
6256 8644
4860 4148
3731 3677
8097 9218
2017 4665
3324 6116
686 8763
6577 850
7815 809
3593 8858
3221 3999
6785 8959
8316 174
9340 3017
655 5454
1824 2840
7398 6671
1808 7332
847 5212
188 1273
8477 2050
1503 6788
9174 1111
3074 2806
3370 1230
8326 5943
4829 2628
4850 2734
5597 8285
8465 4436
7309 8447
3815 6161
3880 2138
3672 8150
4261 575
6996 667
246 7906
376 785
5820 577
578 7841
6274 1662
7696 6055
9442 8924
3673 4983
9340 5856
7832 600
6860 4884
199 2246
8540 5898
9194 2329
5692 2999
7901 5647
7270 4271
8908 3901
1446 8947
80 3296
8652 7220
7078 2960
2052 2875
1520 6777
2390 5610
5190 1873
3949 2604
4815 9337
5368 3483
6834 4163
8023 453
8297 8945
2088 5769
4217 8291
8918 3059
941 3621
455 9401
2072 4557
1830 4840
4758 1183
2683 3954
5707 714
3899 8232
9405 137
4115 5271
1628 9091
2827 8865
3581 9126
4709 1217
2618 9189
3215 4181
1320 2976
1213 3974
4274 3144
6194 6049
3093 8977
8701 6636
5986 1922
7687 5030
5716 7058
6571 3004
1043 6794
8886 6425
7320 7742
4062 4087
6731 8816
7448 7609
7040 6529
7329 5123
9169 7177
5025 3795
7031 646
1026 8734
3009 3620
7977 3507
212 1456
2259 5004
8734 2147
8910 3877
7899 311
8168 1014
4233 4931
4315 8647
1682 1120
5332 9289
5766 9455
5233 3380
3180 5675
3407 842
3377 5622
244 903
5077 6929
295 5674
9264 6893
9440 5056
7318 1570
2750 555
7933 6852
1949 2518
5547 2595
8366 7958
697 5450
5879 4856
9464 6859
6938 3270
1520 3373
9360 8776
1776 6632
5290 547
8882 2611
406 7430
3984 366
6670 2845
7548 3044
5720 452
4134 433
5989 5774
1949 3067
3393 5191
8576 4034
9373 9254
5226 6906
1616 6824
2662 3738
4097 1847
1933 572
5168 1199
3764 3404
1593 4030
7133 6743
5128 1588
4626 7891
2625 3028
9250 2356
8039 6264
2595 9085
8224 3781
21 6523
6202 178
686 1683
4292 5733
2347 5464
454 2289
6824 9296
3638 7716
1105 4285
4884 7778
6941 2773
9415 274
3747 4819
1290 5957
356 1220
7089 2878
322 820
8847 9356
9072 873
1270 8448
3590 7464
6474 8629
896 8714
7070 1288
9296 4242
2035 8411
6267 2401
2442 3909
4976 7492
3540 530
6402 1466
4920 4490
7785 2198
2318 6493
2461 8457
8018 1519
4274 273
416 7242
8449 1992
6516 6465
680 5307
212 1098
8581 7050
1607 4604
6087 7081
5302 1001
6974 7099
5991 1386
1312 4345
8523 6100
3533 5641
8683 753
6246 4528
6770 1143
3128 4739
7238 4460
3650 9252
7725 5658
1754 4642
1132 2586
6039 5807
6373 7428
8202 7108
4106 7599
2017 2798
1743 4096
3862 9260
6679 8786
154 5644
4642 7477
6853 3131
5045 1846
8050 9449
3991 4291
4840 4955
7603 4894
3649 3109
6284 6172
9007 9378
3467 1868
973 2116
3048 9448
3880 5792
6348 423
3616 6999
2364 6927
9373 8529
650 2749
4499 1990
1647 1920
2410 1197
482 4189
8052 7809
1259 3330
9260 3432
8217 8742
5230 8943
5997 2279
376 2220
3882 958
2913 3136
3306 7923
3272 968
6412 6724
4815 2151
4390 8784
5206 2519
2610 3887
7290 8111
499 6551
2986 4984
1230 9447
5344 2934
5024 8674
6786 6773
1948 4332
3082 3807
1265 1692
3139 9123
9349 1023
9395 6146
1907 7472
6467 4905
1241 2159
6623 1834
5616 836
8447 2418
5523 6639
8669 6434
4037 2295
2364 9059
5049 3056
8231 2939
9271 543
5533 1251
7898 2056
5720 4082
286 2957
415 6711
7112 3793
5232 9428
682 2134
5811 9118
8143 8893
1871 7879
4698 2190
3306 167
5836 261
8343 4950
8698 9221
996 3937
707 7654
7845 8597
8406 7212
1909 991
4445 8198
3466 7594
542 2980
5205 8743
8706 1210
841 2005
1301 7335
1132 4247
2104 1859
6709 5780
9458 8524
7585 6819
7733 118
8120 3916
7123 6696
1576 1310
6329 5367
2662 5019
7915 6014
2102 5679
2017 1441
3791 2272
7992 3195
4109 8817
6055 7134
5486 9287
7820 2127
7859 8061
8599 6768
409 1579
3769 2682
4240 4174
6361 2786
4984 4498
6639 3885
1738 1002
327 7586
6211 7466
8133 3194
1241 5120
654 7730
5235 2848
3373 7255
5209 7425
9054 113
7326 9150
5393 7713
2824 866
8326 4866
768 5572
6649 7091
809 2115
5345 2557
7613 3375
3311 4663
6915 9361
5783 240
9238 6895
3327 8385
4301 1721
6750 1490
6724 4928
5989 7984
9172 5950
6761 8492
70 7391
6397 3201
7921 1424
4325 9417
3049 9431
4966 4400
3823 8127
1547 3314
3387 17
53 7631
2945 7783
2198 464
9152 121
4850 1025
3742 622
4129 8921
9274 335
9334 4539
962 7741
3322 1244
5273 5136
9212 3032
8765 913
1229 1610
9299 245
7773 933
7274 412
1855 7993
6876 7686
2461 5483
3937 2369
8212 7145
7756 6896
4225 1065
2693 4882
4427 3079
8616 9341
8100 123
5729 4794
3298 8770
108 4198
2289 5815
1120 3749
3830 434
8698 8221
286 1062
5166 5857
9393 4897
6055 3813
2935 6016
6523 2644
5763 2238
9014 3024
2401 5507
7348 3521
7993 9243
8878 9262
1063 5357
7508 7885
1551 392
6629 2451
1664 1828
8734 868
6179 5581
4798 5740
5344 474
5794 2179
6765 6178
3556 9052
6223 7772
8497 717
5341 4765
4397 5093
7847 4422
8786 8275
392 1007
5811 2699
8732 488
7517 5022
1270 89
7724 8471
8719 2486
3126 6573
9038 5388
1194 703
5905 2326
3638 260
6078 7076
5049 1539
5942 7474
930 2561
3934 2735
1504 1763
1613 1914
3157 3522
1796 8204
6726 8236
4115 657
3542 606
734 83
4759 6440
2015 742
3887 2281
6746 5961
6413 3168
3505 1880
2291 7111
5932 9251
3723 2590
4062 648
6707 7185
6002 3479
970 6093
1909 5710
1848 7211
2689 548
1520 5315
184 3162
8416 9368
524 1283
4136 8021
6796 6097
2221 2636
1915 4930
3716 2417
939 2897
2239 1980
1616 2212
1357 9352
1034 4184
1733 6971
9287 584
630 2698
800 5269
4854 3341
4464 1250
7986 1513
6240 5686
2528 8399
643 5513
6249 8322
2673 3625
4691 9185
1755 7421
2265 4743
8654 7230
4531 7366
3278 6512
3105 3040
1336 7440
1929 447
6218 5817
747 2670
3682 7868
6675 128
2514 2713
8672 6260
7026 2373
6013 8815
1490 6818
970 2313
1613 6414
4325 8283
5932 6103
2238 5074
8369 2896
6373 4379
5327 6682
8078 4168
6677 8354
4064 6534
3447 5582
6313 8870
3572 8737
36 1816
7270 3656
8287 6369
5357 4080
4996 7011
4278 6843
2706 9328
6767 98
3826 5755
4498 8532
9420 3057
6171 4320
4092 2842
165 7870
5536 6597
8947 5361
5755 5281
4580 857
232 2392
3809 7531
8625 936
5507 5663
6279 721
8224 6047
3105 4165
2038 1430
5957 1900
3827 4890
1849 3421
398 7266
3908 1964
2793 357
1001 1438
33 3090
580 380
8922 8573
7516 1739
4286 9331
1557 5891
8625 1758
6903 5706
2289 9313
1424 6981
791 2928
5452 1318
3526 8000
4400 3927
5023 3523
807 4196
6537 5403
5206 3199
1692 5700
3880 9224
4646 6201
7488 6798
964 6569
800 513
1277 7025
8328 5953
5220 5311
4741 540
7019 2215
6457 7210
2423 858
6828 1642
2795 711
2756 7598
4239 2240
3734 1418
8763 5434
8571 3472
9417 5179
1304 8499
7746 143
9336 7125
4798 7086
5933 5040
4602 9056
333 5186
6971 5875
5789 2968
8815 827
6893 2814
2476 471
1053 6225
2156 5266
1057 8309
2388 209
2112 6661
5077 1764
159 6277
3924 1205
1592 6701
1475 3300
1318 3776
2240 2722
7474 5799
2556 9228
35 4807
1824 7727
3991 7333
3407 4670
3016 7167
9381 7533
3543 365
4408 8068
6327 5296
4868 792
6855 3381
7911 2831
6111 3917
1422 8769
9363 959
1774 1482
5815 7458
8826 8755
3855 7823
2246 6680
5204 8700
7918 8985
8634 1679
7021 2571
841 5423
9044 7484
4213 4433
3146 8810
8704 3354
3618 4012
1284 362
5257 9320
3924 5070
2397 8190
7012 1965
1576 3165
2401 1471
2887 120
5554 7546
5479 1152
7176 4520
1082 9087
246 4298
6056 2617
6500 7589
1020 3117
130 6226
8273 724
2102 9028
1062 6875
7581 4236
7480 7259
2014 1051
857 8638
2934 8475
7625 9112
8183 8038
8548 5441
5046 1154
8020 1364
2888 2060
7268 553
3821 507
4509 4872
8455 5379
1565 3816
329 7054
926 4459
329 330
760 6001
2418 5619
36 3761
7111 2608
9350 3227
8746 649
477 6310
2706 5739
1122 3147
3935 9063
130 5535
6786 1350
3545 6517
8867 8715
6553 1744
6383 7507
8100 5192
1005 9425
7456 6714
4318 4270
7713 1538
4018 5245
5049 5651
654 3680
6709 3591
6331 9298
6190 627
4836 2857
4436 4622
2920 9186
3981 3988
87 5880
3789 6241
7421 4805
2552 4357
2870 3915
547 6878
2017 4132
6988 3750
4781 6061
4580 8875
6082 2855
7710 2299
9348 2312
9408 1761
8540 6830
694 5594
4143 861
9393 5338
4202 8833
6889 6683
5936 2853
2942 6444
8503 6509
814 7260
4446 8901
7743 5998
3466 9001
77 6104
4332 803
4765 2091
310 5499
7366 7677
416 9203
5205 5782
6615 8582
2577 6476
4103 3630
2150 2298
5944 4965
5599 4732
6258 3053
6278 2576
5644 5410
2130 2391
1996 720
9423 3579
5547 7648
2440 3688
3678 8512
5146 8478
1199 7117
916 3374
5574 1729
8 4452
8112 8680
5967 9178
1239 5267
4718 110
5412 6419
7406 5182
7495 7368
7750 890
2615 3689
2417 3258
8635 4880
4668 634
5700 8939
8632 3295
25 6723
7472 3667
2240 1211
6082 4544
3170 3737
962 7787
5789 2048
4274 5156
2855 880
5950 659
1669 5913
842 690
1096 2772
79 6518
6313 5698
5710 6393
5946 7174
4462 2204
3370 8651
3258 894
4163 7122
604 8378
7524 5263
5278 5712
383 7854
2813 8314
6518 8051
8171 3204
926 8158
5840 5036
1925 7843
7602 8199
921 2686
6284 4368
257 7206
5674 5197
941 3409
4262 8207
8699 8089
7599 7719
8741 422
5271 9008
9199 2883
7759 9409
7080 6254
8886 1905
2372 3660
9455 7256
970 2210
964 2012
2159 6514
8200 6124
6412 851
8793 9019
422 9266
3140 2146
5550 2932
6100 637
3206 3997
7934 4574
7898 4679
7026 2507
9271 6674
269 1404
9350 8860
5599 8225
1698 6651
6858 292
1206 2718
8918 9016
8895 7903
2547 4276
6751 4788
4164 3724
4016 5492
1689 3095
2423 6214
2710 2877
6448 4522
9044 8527
1143 8578
9299 7646
2511 3786
3492 4259
8721 1074
5197 3948
3256 5860
1390 7323
2940 6180
2717 2801
2255 8060
6561 297
2907 2733
5349 2305
1810 2754
8819 4606
2417 1117
4726 4447
7753 3401
6371 5317
379 4492
7312 1555
5392 6666
9113 1232
9349 405
3387 8774
4714 8773
3543 5827
1132 152
6680 2333
2914 8971
3680 6196
4415 608
1676 8502
3021 2624
2179 7418
4577 5443
9324 7493
2479 2197
6246 6235
3269 4094
5707 6949
5900 853
1409 8005
3379 7198
1163 3439
3705 3612
9332 4420
9447 6663
8703 2910
7 1653
3422 9446
3578 1577
9107 1997
1450 8043
5281 8377
4088 9081
3399 2453
1370 6074
4825 3983
4405 7694
9335 8144
851 2323
9327 4229
8322 6126
4519 8330
1553 2007
8966 5939
5213 2175
627 7693
509 3653
2092 7608
5186 5260
630 6589
4214 2381
6091 7345
3158 5825
8647 9065
4813 6884
5732 2026
9424 7800
1735 4365
2787 8030
8465 5808
2716 4328
1924 4001
4718 6281
7676 4763
1859 215
8659 8425
9252 6854
2188 4218
2074 8710
568 5475
2258 2306
6385 3265
5154 1139
699 911
3126 944
942 5149
9202 1216
8996 4761
6799 1650
5633 7119
1747 4831
896 4047
7312 5289
9123 7004
9260 7559
8179 300
6136 6296
3899 2363
4415 4251
1430 5347
1449 6951
1593 8892
9096 7045
5365 439
7498 309
7256 9090
7071 5295
5117 8295
7608 774
2385 6216
215 6447
2769 7530
5220 3623
6963 7340
8394 7046
6010 5723
2644 3774
8915 4467
6409 5012
6974 9407
5196 8520
5942 2580
6979 581
4132 1305
7961 7160
7270 8044
1874 4022
6555 6066
7134 2862
6559 5757
2299 6908
7974 3911
2511 4543
1234 731
5012 2132
3634 4660
3980 55
4210 1655
4134 3624
1411 7359
5752 7103
7660 8670
7992 4553
8968 2467
5886 5560
4707 2481
4710 4099
8544 2492
3171 525
7480 4600
2347 1724
8351 4697
1588 5227
8766 8885
9233 336
3330 3172
8322 956
5900 5743
4946 1055
6745 3925
8986 1302
1284 8210
5744 6372
6745 2517
7834 4623
1051 2487
8572 2282
3406 5078
8835 7991
163 6695
6788 4269
3443 5714
8756 2895
3282 3498
8418 8948
7512 1264
1982 5982
3618 2678
6194 7760
5887 3536
6013 7018
7741 9404
1344 6067
7517 4721
4441 2544
7608 1433
5344 2669
3353 7779
400 5556
5127 5090
5679 3614
7150 8725
8203 3951
3843 6990
8073 2520
3830 2902
7674 4638
3708 6270
7263 2512
6885 1369
6306 61
3768 7281
1055 5420
6281 3573
1127 7869
679 6221
676 4942
8666 3142
8447 1006
1566 6333
8945 5346
7811 5867
5880 1908
7869 8218
2761 4158
4488 282
2825 1883
4775 3504
3008 7499
5293 2632
4704 2286
3629 8662
2888 8391
4410 6144
591 4071
1484 148
5492 4070
5091 8668
2046 6506
3573 3530
2395 63
4413 7427
2145 2319
8141 5062
1541 7182
5513 2634
8039 6871
5291 2872
1675 2301
4829 8230
4098 6358
2121 1308
3090 7370
452 3184
8908 8728
286 7604
9318 8650
4691 3950
7724 4563
4512 338
742 8656
1312 4787
4397 5241
2526 4359
8482 1720
8878 6581
2968 6766
4096 4552
4913 3400
8482 7445
5482 9070
1270 5421
3313 8069
2237 3286
1596 4786
6661 8036
4400 4267
1205 7063
1352 8321
8067 4812
4021 2863
6385 8768
1664 3962
9349 2839
5423 3046
9458 201
7263 1817
251 2510
5951 7963
5502 4705
1796 4629
2332 515
841 3585
255 9325
6981 7895
6330 704
6050 443
4301 3416
6883 8799
760 8016
4515 2278
8469 7935
7874 344
8372 1727
1868 8304
7162 5141
3592 5373
622 5909
8552 7267
3621 1687
380 6978
7490 6245
1505 4147
8471 5882
3014 7931
7167 4179
6197 6956
5700 9278
6979 1527
7352 5028
6909 301
7585 7928
2299 2621
2854 8017
6343 386
1978 5183
2005 1480
8930 3893
7057 5283
9189 8658
5663 5405
7135 7624
3191 919
2950 7941
7189 4524
1299 5850
4585 1571
197 3198
3502 4601
4855 1109
6024 290
8918 6805
8482 2742
2634 4382
5770 1799
6293 4361
1024 2692
4410 8590
8505 2941
1225 7121
7517 5949
6040 3130
9279 762
5940 4335
7534 716
6701 7062
598 6392
1007 4135
6276 458
3535 1381
3731 8663
8523 4336
4366 5654
4092 3982
2225 2788
9344 4932
7570 9074
630 4900
8194 1544
5208 4546
7746 7401
6788 5008
1301 8633
7170 1691
8803 1970
8638 9321
2873 9205
3578 886
3595 1742
2999 5007
7278 9280
8510 3167
6001 5528
5719 9095
5619 2308
5676 8868
3904 3288
6799 9399
1320 6417
4082 2805
6805 8055
8910 8711
1597 2720
5325 6874
4251 4483
5547 8964
4622 1123
3673 2361
2599 2524
3874 500
4750 5855
2796 4541
1666 6842
7960 5104
3071 6396
9420 3152
3872 259
8896 2822
537 5881
1740 57
3934 4468
5949 2970
8478 2459
5612 5522
3227 7106
7820 775
3108 5202
3079 5776
8098 2711
7359 4391
402 1245
922 8653
2525 5251
3011 8806
7572 6637
4751 8118
1091 363
8428 6387
7558 2582
7751 6072
3630 7796
5302 4772
6510 4675
118 2901
2116 1550
237 4055
8371 1516
3952 7850
338 7273
5112 3015
5403 9295
4170 6163
7119 5299
1270 2094
3677 2982
6999 5376
4055 6131
2123 2182
5007 86
473 9403
713 6080
4273 9166
7747 6604
5093 6025
6098 64
7501 2534
9446 715
5243 177
6096 4888
3136 7258
721 3273
9015 2267
8057 9101
9026 7763
6147 8002
8988 6390
130 6355
6201 5593
3266 3798
8457 8035
8467 4111
7758 8824
6945 364
111 3907
771 3805
8834 4241
841 4411
1449 8454
3504 4486
7815 7409
1478 3992
4682 3210
4825 9439
2345 3499
2534 700
1880 3527
6832 487
5592 1488
2910 7497
6636 4720
5287 1221
4792 2166
2948 3302
7918 6437
3833 3338
7807 8470
7961 2664
2683 2119
4853 4043
3337 1377
6274 5818
9150 7203
5080 2809
103 9187
3185 2008
2790 877
458 7886
6525 7321
8007 2096
7575 1054
2267 6934
9008 4611
2987 1706
8288 8730
5061 6189
7171 4848
6281 9457
7672 1208
8743 1582
4058 410
857 4226
2275 7001
7989 5785
4759 8382
5750 2650
4377 4684
4328 3602
2974 1257
3982 1108
8901 7360
9107 9333
6422 3698
5245 1622
5702 9236
5313 1719
4554 1839
2980 6686
3557 4470
2942 5839
3813 3088
3361 3541
9014 9140
7499 451
4883 1171
7306 7222
2522 6547
5438 7985
3827 7908
2836 8533
2051 5001
8861 5427
3401 2652
5861 8794
8801 9419
4660 4517
9065 1145
1071 2399
4446 1771
5345 9343
1069 3846
8733 3179
3545 838
5410 7774
3852 7506
8985 2422
5636 1059
6765 3025
6685 3444
6568 7698
3269 8982
6078 8619
1107 1618
7603 375
5507 3863
1834 3551
1985 7637
767 8684
3667 8975
1963 4658
1930 3329
2971 299
800 4779
6472 3627
2117 9452
8684 6090
714 7481
2004 2770
7154 445
8957 1407
4853 283
939 8722
1053 4007
2312 8992
9158 4263
8057 2435
1518 4283
9448 5160
5881 1376
4409 5798
8366 3065
7856 4244
8804 3947
1880 5872
384 7250
5038 5987
3116 2808
4409 9167
7945 3977
4900 3818
6705 6230
5386 990
3545 8648
330 3480
1007 8781
3795 1542
5170 3243
707 5804
6926 7839
1429 2201
1693 4846
7270 217
8451 8289
5967 8852
4449 9416
1984 7665
7156 7193
3267 8483
7448 4081
5075 4341
3085 535
6966 475
6411 1882
7011 6470
2206 6101
4726 7207
5295 419
2851 909
2801 3720
2087 9002
3764 8105
4695 2991
4923 4442
9131 1546
849 6162
7680 8076
2318 1779
5407 2506
8882 2474
8824 9351
2230 5912
8644 6012
8691 2529
4150 6994
2101 4307
7406 1182
4890 8667
327 5228
2825 7450
509 3871
3591 6462
2278 6341
5084 9380
2808 2500
8486 5981
1755 905
3362 1103
2267 1164
5733 7504
3136 5073
1542 314
5143 4419
9294 764
1890 4374
1386 3086
8706 824
5772 90
6909 6427
990 594
2957 7411
1043 4814
4419 8280
3171 8108
7837 5708
7989 1573
683 7970
2286 6706
7604 2214
8885 1695
6310 7097
5950 3562
4600 8440
5080 4737
929 1269
7578 4534
4772 8489
5540 5037
642 6614
7363 3453
6234 2142
2992 1842
2168 8998
2464 7116
2608 4121
7044 8029
2784 6208
4288 7752
4438 2263
3330 6187
4045 5797
4074 7590
7598 4696
9006 3259
5420 2771
7318 1494
3523 9436
7506 826
1463 8320
5556 7357
2442 1036
3630 3884
5685 3640
8035 1097
4802 5063
9398 7109
3313 4738
8572 8265
6226 4370
1096 5178
4198 1012
9046 907
4363 7709
2056 6712
3423 3114
5302 8159
5140 7973
8019 2981
6677 4268
2911 2346
3397 7518
7329 340
7221 2404
8384 4176
2816 7718
6516 5496
9274 5735
1774 5551
7467 7944
8789 5277
8698 7659
941 1238
8371 4327
990 1084
4560 6191
5815 2488
9458 3693
757 7415
4851 8825
5400 8840
6181 8358
8144 1766
2572 1331
4933 9270
272 5052
5141 8538
8443 7017
7533 2099
7884 7835
3319 6453
7839 5656
7311 5876
7728 3394
7906 8993
7371 6845
3927 6304
5376 4540
8529 9076
1254 5119
5936 7014
7758 1064
5370 5116
4652 5691
2901 3645
6876 677
3433 3388
2511 3290
926 5343
8166 8463
6877 5106
5581 5248
9363 3861
4860 7168
3735 1932
4301 4680
1546 2725
5121 6890
7879 947
5028 5765
3954 9366
8667 3212
295 4752
1045 5741
3601 389
2489 4304
8006 895
616 1309
7751 4804
7627 4248
3499 7172
2521 5463
6999 8827
4765 8423
826 4823
6707 2242
1908 8636
5273 808
9096 4708
5550 1626
1956 7916
3717 1420
1661 4065
3462 2569
1550 6035
5723 9042
2934 8809
5525 1946
3124 932
3215 7006
8710 8608
1913 7913
7559 468
1658 8519
5746 2044
2876 8562
8112 3441
4795 5793
6327 4360
2924 7353
2399 4614
1063 2110
841 6901
721 5234
6895 1781
5909 3494
1914 5094
7742 8723
8930 1413
7340 1222
3370 371
1492 4381
902 7240
7333 2721
377 1363
692 6052
9122 4338
5262 1347
6938 4046
7788 8383
2741 7927
3781 2703
3595 7592
1549 7412
1377 7553
6130 7971
5860 254
2805 3896
6013 5308
819 4589
123 6769
8101 2446
4876 3860
8941 6192
1505 3839
257 11
8659 2316
1105 2637
8425 5976
1917 4036
2621 3297
7133 1356
8658 3844
1221 8563
2480 9119
3800 2729
9215 228
7620 8357
3407 146
3303 4182
8232 7775
4179 3867
3093 5301
916 732
3110 3721
8489 6955
6303 6037
7508 8040
1171 4355
5863 6720
6505 3600
6971 8072
3269 5092
9187 7351
453 4384
1070 3285
6850 5930
2672 691
8529 2674
7841 2815
5767 3216
8747 7528
8332 940
6357 4354
2096 1431
2022 8637
956 6964
6169 5919
2263 8929
2214 1759
6768 4154
981 8412
6638 5294
3804 1815
8399 2697
3157 18
8363 9030
7178 1993
4067 7429
3820 9133
8011 960
76 1260
1150 3463
8202 4484
7056 5147
8530 3476
8204 7079
364 3745
2408 7381
5311 4197
6814 882
3862 2232
2826 1473
6790 2555
1825 430
7692 3694
6968 2908
4315 7455
3846 2165
8445 8173
7847 3567
9341 52
6171 3244
1179 9314
9105 4508
2824 2342
5674 7791
1655 7564
5953 2171
8061 2245
525 4
7112 3564
7803 7433
274 5992
3207 287
5372 5538
9136 4881
1478 8736
2345 7948
4096 7374
290 5236
286 5829
7366 9078
4476 4746
6486 1341
8200 6664
8669 8286
3359 3214
3698 1690
3142 4275
1327 7583
6639 3912
6604 3555
5057 1823
882 4246
458 7449
8543 8567
1039 466
2225 2144
4361 7042
2519 7436
7452 1399
5385 5866
21 7364
4452 5333
2012 4454
3880 5626
5864 5520
2410 6466
3698 6753
3086 5144
2939 6148
8318 1325
7049 4647
7390 2709
1111 9109
757 151
4467 8114
3256 687
3130 1130
456 7372
7895 4843
7378 339
1667 8346
6603 7395
3045 9050
4732 5009
505 4451
4449 3870
2591 1714
9167 8045
4261 8342
2594 2675
6280 8871
1676 6917
2734 965
6467 1564
8892 4380
4763 5642
4229 6311
8267 2293
4198 7035
6190 6092
4528 7084
4181 1439
6309 3611
4498 2501
6235 6735
8437 2536
7859 585
4890 6017
8565 4466
3070 7407
6003 3363
2721 6823
5576 4826
600 7700
295 9029
8132 5994
7104 611
6331 6325
9424 7565
3516 2183
8666 5398
3442 1756
3071 2379
4321 1008
1757 2861
5674 725
1539 2153
4816 9132
336 7938
8289 8246
7730 1236
4305 8851
8897 6520
2617 3092
368 8389
2555 6461
4055 9445
653 3914
137 984
8013 5469
1430 169
7154 4609
6567 4727
5878 5378
3291 1068
7317 1125
9163 1300
1631 160
597 2899
1482 7201
5377 2605
7870 9060
8444 7611
2619 3202
7505 5615
1953 6339
3399 5189
7114 8431
3321 5508
4086 5630
4726 4584
8787 6363
5134 2114
770 7544
1114 8353
6194 7469
6130 3500
7725 4356
5710 9306
1771 5330
6095 872
7480 8311
8898 6740
3903 6054
7365 2402
3723 4753
48 5043
8568 1680
3837 9358
697 7438
2464 9055
2293 9426
161 6643
6742 2837
6419 119
7061 2792
4355 8435
7136 8611
1464 5672
445 6244
3818 516
3052 923
3585 5577
2134 6836
3916 3609
5732 7514
6522 3936
9226 8270
3430 678
3034 7184
2620 7904
6314 2398
6609 446
287 9211
7903 8983
8009 6242
8377 3666
4342 3141
5520 7538
38 7191
5529 1840
8369 32
1073 5265
6545 7144
2217 278
3424 920
422 5966
4263 2023
1277 6628
3056 3615
974 8542
259 7128
5571 1405
543 50
5063 7621
7680 3351
6859 2041
5788 1708
8345 7403
1060 6
2735 9268
7141 3675
1292 4631
5036 8522
3162 1931
1199 2108
872 8238
2842 5153
3235 5809
9270 5280
7134 6507
9252 1079
8328 1784
8445 3584
482 4827
1404 250
7253 8531
3147 1496
4016 8046
5372 5501
6174 8928
3821 4995
5879 9068
2397 9272
2848 8338
7261 8932
2280 2856
6375 5652
5762 4832
8079 2413
8372 4959
7597 7657
3140 4783
2809 8047
1839 2304
9057 8845
9298 3577
7306 7591
376 7881
3594 5830
1418 7392
7352 378
3870 7983
4698 5059
5774 3339
973 8066
3572 8560
5445 6593
889 3993
5780 2445
2448 6051
9120 4141
1336 3176
505 2789
920 9308
2729 6970
3536 8952
2674 414
4333 1878
5987 1454
2610 1095
4772 893
7 5890
3329 7262
8267 756
4786 1941
1560 4859
3908 1643
426 5544
9418 670
9387 2320
8619 3030
4 216
3884 7887
6948 1633
3513 710
1261 3064
3304 4029
263 4183
289 3320
4183 6406
1802 4389
4365 7661
9006 1287
3876 928
2731 5337
2945 2531
6055 4153
4068 4066
5707 4114
2876 6783
8361 4821
3051 187
2618 6802
7230 3087
5485 539
8544 5995
7740 3458
4235 7252
4479 8487
4556 3047
3045 7867
7488 1015
1607 2477
8377 2719
3256 6541
8662 3787
1294 4346
2373 2535
7360 5129
4148 6515
4257 3782
1194 1147
8207 5029
288 6582
7455 2743
2363 2995
8708 9071
5504 5518
4008 6758
3761 5033
411 6008
128 1140
8797 5425
154 3118
73 418
2204 1136
8437 8184
3636 7912
2143 6292
7472 4873
4738 3081
3579 2937
3393 2111
6731 3810
5299 7314
1080 8056
2241 2997
8190 270
7345 2776
2394 6897
4071 9009
5097 1737
3298 3084
8948 3978
3620 9432
7756 5660
5993 8450
3748 5371
4400 8074
5774 3970
1097 729
6199 7218
2492 5736
6191 8631
646 8034
7191 5666
474 6659
7180 7288
3828 3208
4526 2084
445 3683
1307 8480
1211 6939
2689 9098
3337 2430
2175 7439
2171 1227
2444 2810
605 4187
960 671
3338 5125
2589 5107
6316 1174
7205 6511
4074 812
8796 2184
2670 6972
9321 7402
2293 3838
5254 425
3688 8660
2293 1812
4345 6650
6876 7101
2344 4171
4395 8024
1471 5970
1051 8601
2125 7257
3015 3631
4405 262
6001 3107
6084 8485
4476 5568
8150 2411
2573 6036
6885 751
142 3182
2664 305
1941 134
5144 5018
2545 1031
5223 5598
6466 2679
8477 8028
2716 6542
1645 5838
4244 9145
839 863
6939 4733
7 1814
716 2433
7432 6940
979 3883
6785 859
4467 8997
7090 2160
3947 1274
2556 8474
1645 8093
6968 6415
3472 1382
7527 4806
3893 5286
7365 6139
2036 8300
978 2627
165 4981
1680 6210
4577 1991
5691 8075
1596 8640
1551 2732
925 6692
4839 6862
5541 2330
3351 1040
8236 4912
9352 6997
4356 4564
7578 2661
3147 3125
3314 4113
5772 7048
5522 256
8000 5284
3677 318
5840 6081
6106 3771
1504 4430
2009 207
8279 1452
3611 9435
9429 5437
4411 5546
6402 3646
7241 59
8061 4282
378 1782
8485 2387
641 3312
1468 4237
1254 2785
9158 7529
2776 1426
1790 2631
1221 8818
1307 8086
6210 9465
8287 7545
4119 231
6142 472
8279 91
1174 6203
1283 5470
5678 1902
7867 1321
7279 4402
3924 4172
1691 204
683 2447
3192 26
2798 3073
3825 1973
5677 1203
7573 1009
7142 5453
3063 4230
1632 8675
4684 1322
38 5664
4897 7082
5341 9315
1691 4122
3223 5382
6270 3434
1883 1455
4515 6119
7598 6617
6246 5066
4446 7890
8227 6606
3295 8008
3829 155
5023 1330
9170 5844
8792 2350
3555 7708
756 8627
4890 1448
6977 1394
3772 1252
5445 8146
4036 5954
9324 3203
5550 5603
3881 1939
9167 6135
7881 8493
6736 7338
5692 3549
5752 1049
6795 4191
1484 6029
941 6255
175 8782
7484 1276
9405 7999
1310 1614
1064 5779
519 2504
6893 4477
2465 112
6514 9342
1077 7980
8947 6065
6706 3414
4259 8883
63 9134
7343 8709
7933 5747
2411 2082
7024 5152
6132 3200
1098 5910
5529 5521
7992 3425
6769 980
7182 7917
5706 4238
8259 8201
7780 9141
7783 666
4286 1767
3495 6583
4597 2234
4977 7068
3185 5455
7681 1423
1199 2641
6149 4027
2926 99
2533 2189
2217 5211
4117 8771
1202 7204
3936 1119
3016 2152
616 4208
8105 3336
1982 7131
770 4780
1941 1526
499 6652
7550 1602
7433 6728
5887 1334
6174 1863
4966 8426
8485 6395
3860 9146
8652 6599
5289 8413
3778 4392
1924 3878
3907 934
1727 5727
7221 4186
9128 3426
3212 4734
1739 1760
4411 2495
4981 899
8275 7307
1549 6869
6149 7110
1582 285
3172 2745
7984 2850
5344 3700
486 6566
5030 6326
487 3445
2153 3943
3978 6816
9360 1703
5284 1827
6215 4162
5112 4375
6056 1999
895 4945
5981 6778
2089 6432
5009 4224
9275 6324
5940 7562
7456 2676
378 7739
775 3754
47 1722
4420 5085
3629 96
8763 4664
4584 346
7720 6983
1092 3220
1953 7275
2165 2680
3961 3905
6994 3364
4321 7995
3059 4299
4114 8735
5463 105
8208 267
8240 1732
6883 4300
1859 1268
4605 7628
653 8950
7170 5404
2855 1952
1450 4265
2299 9307
6302 2622
7823 4594
4062 7471
4022 8936
7872 494
6191 2292
2338 8850
8235 3013
3045 5216
3634 4317
188 2538
517 5017
7006 4634
8542 3918
2609 6183
3053 6863
939 8575
1423 5902
3951 4943
2141 5826
8545 5003
3627 7795
2651 1498
8932 8362
4377 5958
263 6454
7204 7476
1825 404
6191 8541
7436 75
512 2955
6067 6123
4798 2268
7915 1603
8371 3942
8283 5491
8882 6944
2801 7734
6763 6485
7495 2885
8509 4713
4244 129
1320 8682
8100 1050
3365 7002
8850 7245
3397 6984
7832 4173
2364 296
6178 1590
9203 6143
2528 9242
2532 1046
228 817
6777 7622
2741 9371
7016 5321
8524 3451
305 4784
9 3274
8026 5362
1651 2744
9224 3580
8108 8559
7353 1734
379 8595
5459 1172
982 6034
8162 4367
7412 885
26 6942
2538 833
529 3469
5269 5114
1650 7443
3526 8381
4826 5557
1107 7731
302 6480
6278 2328
4434 8681
600 4986
4712 2180
6018 3160
1277 3979
7870 4669
1397 7593
340 1402
761 6873
2766 3758
8982 9389
8009 7153
2189 1293
8728 294
7385 7902
774 3603
4108 766
3021 3654
6223 3352
1741 31
6870 6317
6754 9441
145 4137
4367 2540
4812 2090
8737 4929
7562 1540
4672 8830
6798 6489
4375 633
8036 7642
6734 4599
5877 3890
6143 8991
6470 4887
7223 6337
5570 4429
4067 3102
4467 7075
5632 7630
5022 9114
3801 5586
2038 2648
6124 1569
2284 607
2041 6456
3992 6937
5961 5591
2697 328
3768 4970
3605 7367
8547 4156
1653 9319
646 9269
2104 7093
7150 6658
3853 5498
9292 7623
4845 6935
540 8842
7868 5753
513 8125
6719 4266
9253 4035
6669 816
7343 7799
283 9144
2266 2097
811 104
631 2858
859 2548
9335 3561
5967 1684
2262 8869
3630 9460
8381 6807
4758 7344
3243 4403
7090 2933
4968 7408
3165 2783
5601 8767
9368 4549
7867 8308
6187 3990
4380 4723
2872 9036
7357 4412
5326 5926
1937 9353
2330 1904
2056 4915
6039 6848
3017 937
6046 867
7787 8226
3430 4588
8482 6660
3528 1297
8635 5623
4352 1355
7253 478
5892 2513
1547 9129
4037 7880
3785 1567
8966 3647
2166 5589
3606 2100
3577 5467
6593 810
3219 7684
3335 874
6880 1751
9360 7228
418 9385
4235 4828
3499 2067
4821 534
2661 4104
6799 829
8114 8307
5997 2834
1025 8655
3684 7405
7142 7327
4298 559
818 2250
8608 2400
6053 3438
6629 317
6480 4009
3523 9245
7409 705
6886 688
1713 4940
5260 3325
5739 3464
167 6122
8782 5566
2497 2844
1613 1146
8438 5011
8538 2415
7604 7813
8653 7942
5481 9430
7103 8161
8078 2491
1917 5258
828 1785
874 7588
8875 1867
8569 8934
4459 7468
1677 7825
1304 6780
1501 2075
5004 3814
5722 2562
3187 5088
1729 7540
2373 1157
654 6297
4181 6332
3295 7453
5825 4059
3386 7711
2221 5340
7263 6986
8815 4312
4726 5406
6942 6257
5341 8780
4122 9421
1565 4489
4442 7536
5792 3177
3333 8553
6438 4835
1399 552
7209 9223
5887 7765
6313 3119
2544 4657
1932 6646
9119 1778
6503 4924
3224 1822
8634 5157
5082 7313
1364 4396
7622 2317
8995 614
3696 1465
5588 4994
5366 675
3492 664
9279 4643
6339 1606
6281 6608
9057 5835
2440 7216
1055 4681
8019 6007
1157 3851
353 1725
4883 7818
5416 3956
6265 7940
6093 1491
6238 7889
3244 9338
8977 1561
8883 3704
2194 8248
7121 444
8315 8596
7229 620
7687 952
2618 6630
8629 549
580 9276
8441 9285
4920 4091
1893 6829
9341 613
8633 8976
533 2365
3760 1303
8529 7978
1990 5422
1912 3529
2318 1804
5280 1442
4453 236
6956 208
4226 1235
8101 4203
4235 2462
8684 3454
7259 7805
3829 6266
4499 8495
8007 3083
1309 4699
325 4485
8314 2973
9207 5959
4010 5600
2089 1339
6050 3939
5603 3054
9061 2277
6383 7865
1055 1144
8 5380
9458 6120
6485 3183
4074 5151
2599 7601
2450 741
7469 1458
375 4562
8755 1004
6629 5649
8732 4428
4403 3706
7403 701
5280 5124
5266 2568
6740 2288
1842 1218
2498 3389
588 7814
4915 7748
3849 8695
7760 7190
6921 1775
8052 2578
667 4918
9232 4649
3896 5884
1297 2193
6617 6076
3274 5184
3283 6624
6372 3741
5817 359
1947 6263
7969 2249
4408 5579
2284 2539
2973 8501
5128 6764
4414 2905
3194 7789
3389 4205
7090 5833
7363 1858
3689 6446
7192 8421
964 4810
5291 1169
9087 6268
6749 4529
3434 9390
7856 1393
6426 6787
2653 2762
5512 8121
4735 4747
6162 801
4577 8374
2498 7647
9261 5938
922 7522
8915 1524
6104 4925
2464 4677
1478 6030
8093 8178
9166 3554
2132 6540
6683 7909
1984 5871
269 5108
5158 6640
3150 9084
9393 5851
9229 7243
6603 8506
4953 2294
4394 3036
398 8148
3795 2696
7436 4024
5974 5352
949 4038
1318 2953
8411 6657
8358 381
4597 9444
2195 9316
6740 5099
5322 9246
6573 6526
6939 7905
6835 2
1980 7612
73 3348
8539 1348
3912 1819
8207 6562
8028 2167
8519 4939
6908 4404
3921 5553
3505 7561
5873 1358
5877 709
7558 9130
7393 4149
5619 7503
9306 992
6479 7888
3193 6907
5783 3598
9216 6005
2540 6808
7189 7264
2464 8137
7501 7478
7864 4110
7011 3788
4897 8974
745 4858
208 221
4402 6019
1732 449
7377 1987
6178 823
5937 4331
7942 4112
4486 360
3883 3806
5847 7848
903 1207
1403 62
456 7356
4766 730
3259 3066
1041 5375
2137 6595
5710 2923
1480 5169
4828 2033
2827 5060
8714 5336
6314 5511
7421 5821
4055 5334
6682 9323
5641 6822
8887 1674
8096 5402
4901 6584
3270 9413
6679 1459
1514 3239
6986 8053
4388 7195
1203 1926
5273 7798
1058 3061
8236 7302
6214 5256
4203 6140
2280 4473
6454 3346
6876 4289
5469 9005
1684 8115
6520 4456
1652 2527
8793 4833
6943 4474
1922 4731
1215 1340
5398 6564
5177 3233
302 5519
1425 431
3061 1595
688 8110
2527 2931
5079 8549
2510 4219
5808 82
2692 480
2676 7949
4931 1315
5114 6775
5783 3690
459 6851
3863 1133
8563 1718
4062 6681
2580 4579
9114 5350
9133 1160
5910 8082
424 619
1418 1995
4790 1748
7347 9011
715 989
5433 213
9115 6020
5321 5984
2056 5035
1550 4232
3665 3582
1686 8458
229 5595
882 901
2005 7729
1502 9354
2133 2838
8097 898
6172 1968
4697 4902
5490 9027
611 9297
8731 7496
4729 8891
6542 2011
5987 2412
301 1451
2779 2832
8227 4879
1824 337
3172 2420
220 312
2694 5415
513 2256
3363 1162
5641 3475
3886 4243
7986 2606
463 8386
2612 4444
9338 7768
2243 8192
6258 5842
7112 765
7054 5165
1448 4687
6285 8790
4400 7069
8885 7197
889 3390
1861 5389
3511 2804
8692 4778
310 2886
5997 7437
6599 7635
6585 3003
578 8404
4487 5778
8412 1897
8923 1212
244 5222
1420 603
1941 4975
416 1435
8580 5983
1224 1896
7921 8800
9018 7304
1564 3382
6775 9022
1231 6916
1954 6113
9026 135
7852 3055
897 1100
6076 8439
7914 7132
1504 5960
6325 7324
2746 1198
4112 1104
3852 2375
6974 1177
4180 6913
6165 2006
9046 8513
309 9263
641 2998
7005 183
8543 4653
6871 2331
6092 2485
6643 6881
942 1888
3853 3751
5638 6924
8563 1832
5518 6982
8847 7030
3949 3465
6290 6648
2364 9003
2044 2656
3362 8909
5964 1319
3978 4175
1501 9004
537 3217
697 8087
2026 7828
8502 2753
1765 7638
5966 2860
8172 6727
1265 8109
8026 961
2842 8261
2933 776
1342 122
3201 5484
4288 3808
5769 6222
3051 8821
4323 3360
4034 737
8448 9111
787 1801
3444 4791
7753 1829
787 3965
8189 2209
2258 5476
5108 6989
3654 8940
1913 7651
5903 1630
1706 3537
7725 5244
4703 7358
6074 6741
4412 1195
3528 306
7068 7404
5002 2164
3286 7764
1157 5542
9066 1101
2606 5065
2672 7863
21 7235
5226 2503
4637 2523
1279 3279
150 6689
8441 4999
6281 2508
8093 1421
9440 7138
5445 3378
2634 7615
8852 4864
4192 2558
936 4921
2056 1033
7612 2371
3270 6931
4784 4906
4890 2039
1777 7158
2261 758
863 8247
5887 6028
3059 19
8069 6575
6432 2965
1494 6596
8897 2909
3616 1697
9074 8687
6582 531
9071 693
3880 7022
1846 3506
2950 6473
5180 8284
301 2623
7829 673
1205 914
776 8843
7565 1967
6382 6958
5125 1184
7497 871
3224 6704
8561 778
7872 9394
1182 8181
1595 506
5221 8077
4268 7853
1992 1531
2611 2666
5887 3681
8843 277
6941 3164
3955 7717
1761 5218
9289 7695
1459 1783
7458 6492
5678 1699
7153 6548
6683 271
8279 7479
5855 6102
1699 8249
4302 6452
3336 2874
5196 6549
9136 350
7411 7059
3383 5142
3045 954
182 4272
8206 3213
3406 156
8007 2989
7628 7247
7886 467
3399 1594
3895 342
8928 8252
6960 2797
6741 6488
8799 8340
7501 8693
5610 1481
5511 4944
4604 8620
5094 844
4763 2013
7906 4748
7112 2302
5899 8092
2576 1916
8732 4551
7793 4060
6957 2034
6527 856
3332 1787
4104 15
2608 7179
289 4193
7505 8033
5337 1517
8190 6184
5994 9235
7891 1944
2813 1943
622 6471
5132 8299
4417 1657
5178 8989
3744 2712
7488 3077
4959 8393
4508 2354
3587 912
3742 2055
3011 3448
9313 995
4552 4482
4410 4768
8440 2409
7319 5444
3993 6367
7659 7816
1071 8266
873 1648
6464 6810
6464 5145
9087 9312
6056 3671
4185 461
1754 6973
4330 5473
7286 3588
886 3938
9305 1383
1426 8961
7026 3501
8030 8685
2595 6243
5374 8853
3907 2337
3317 557
8 1360
1683 5148
1388 8877
26 7431
921 7981
2372 147
6102 6354
3927 3022
5513 6587
8950 5823
3854 6601
3339 9414
4246 6627
5147 4583
2298 5585
5568 7118
8513 4075
994 9244
4452 3875
2991 590
433 5828
4642 1951
3769 4615
7826 4216
1645 3253
7980 727
3550 6443
9134 5417
2608 6792
1547 6892
1699 3822
4222 1275
8133 2252
2597 7664
3036 8962
7803 7254
6364 3563
9008 736
6566 9067
7107 2852
6036 6368
8801 1076
2224 6063
1924 6864
7576 3722
6792 485
7886 4076
2064 9193
2019 2336
6101 6045
4425 3510
6438 2061
7302 124
8777 5888
1420 6347
7226 3790
2020 238
2418 8537
1300 945
539 2978
8355 5387
2114 3143
5603 1586
240 6504
6266 6356
515 8134
3375 4051
5321 2251
4150 1988
5750 8102
5429 2368
8957 6094
1341 1605
1964 3043
641 9284
2485 9248
7571 1093
6626 5395
5954 2570
3326 3834
5095 4666
901 4565
321 8356
2208 3039
6895 7027
7637 1378
2232 8694
26 9227
7268 5781
1241 8956
1631 7446
8746 4431
4270 4568
9119 5637
7401 9388
5341 5510
8125 3718
5727 7155
6603 49
1231 1537
7361 3659
1707 3091
8371 4472
9178 908
6265 5921
4602 4948
4697 7650
4514 3711
4470 6271
4698 2478
3536 2296
947 372
2589 1598
260 3371
9122 9062
3393 7447
8970 1584
8908 4537
1075 7465
9024 8587
7566 211
8657 7265
8618 5010
1900 9035
1069 4052
8343 6717
9351 8292
4894 8558
7888 3100
750 8347
2535 7735
4768 8673
5798 1532
4242 2859
4653 5624
6019 4227
4235 4972
1073 2983
2962 3094
3004 7632
7988 1483
1896 1316
2618 6946
426 4118
74 601
8145 9058
3711 6073
8037 1892
7867 6379
5419 4033
3066 8380
5552 843
5998 4951
3090 8003
1350 6902
1862 9139
7011 4603
208 6391
5443 1497
7156 1668
5747 6919
7713 8630
4587 8193
4239 2880
120 4250
9264 2598
3893 2490
1691 7580
9083 9173
7650 2181
5191 2264
3181 7491
4936 7523
2749 1798
2412 8570
7553 2893
9417 2917
9339 6484
4145 2162
6837 2437
6646 149
4238 1035
8810 7683
2103 5584
8018 8628
974 5255
2160 502
6564 3699
7826 2972
3192 5549
3476 4525
4564 1209
4036 1983
1485 5578
3226 9159
1876 3794
2316 2817
8784 567
4157 1329
4522 9362
5197 3276
7322 4538
3065 5
5779 8508
515 6300
2522 9301
2268 5488
121 3607
6759 5596
2557 4054
5963 3222
8041 6612
8406 9288
7466 8129
1410 5041
1526 6442
6395 4978
2699 5249
4263 5749
122 1460
7648 7757
8669 9188
8085 9384
9324 3959
6971 6882
5332 1477
6304 6463
5061 7737
4912 7937
5032 1384
4998 9080
1968 1635
4147 8911
4067 7947
863 6433
6535 723
8212 3080
270 8180
6984 7876
557 8798
775 1124
7995 7067
155 1805
8907 2916
3421 3309
5000 4559
416 7568
5762 8583
2216 7744
6437 234
2624 242
3092 2334
5422 4393
4530 5509
2239 1671
3512 6032
5242 5006
2857 2579
128 3739
5120 4927
6940 7435
2501 6458
6529 3894
2156 101
4938 4439
3914 4645
6551 7515
2401 875
1771 2919
7718 7386
884 610
6324 8479
2487 5305
4128 7233
6549 2903
5124 5934
3165 6006
5968 5409
362 3687
8523 3189
6369 1841
2275 7291
791 2782
4162 4015
9213 2049
2812 8001
2271 40
3349 7330
222 8762
3009 6756
7213 8944
5501 4586
6306 5360
4531 7547
1137 7462
2785 5051
5526 4797
8342 931
7602 7234
9295 9206
6825 7801
4950 3710
6951 8379
4548 3679
8217 6495
9018 6634
8632 6552
6685 7032
854 5247
4895 1523
4844 3161
7869 6891
3150 8676
5525 9365
2183 132
2511 5800
3639 2566
8905 813
3781 2235
6781 6138
1174 3869
5177 2352
5950 6342
3108 7549
892 8724
4729 8429
3513 1634
2301 7542
7228 3060
1971 3571
2451 5969
3898 5139
6871 943
8867 5391
8880 9137
8875 5086
5450 9033
8109 268
5299 8151
4021 2956
8120 6185
3826 3944
4260 8290
8983 2253
813 3029
5019 192
3363 830
6037 4493
209 6319
6866 9021
4157 5801
3393 2906
1215 1416
8746 479
8795 7732
9421 6959
3248 352
4917 5849
5850 8969
4441 5005
4380 523
4295 7470
5092 1793
6183 2833
2278 8744
481 239
5326 4245
819 1083
5902 5439
5536 8859
2297 7555
9469 571
6406 2436
8416 4776
7906 8913
8475 227
2796 1998
6974 9039
5993 8268
3046 6856
5983 3996
2230 1844
5141 6077
2456 1891
8780 8665
1446 4294
5967 1976
1689 8359
2557 1981
5688 7482
4252 7610
2801 5503
2451 9330
4406 8507
7549 5356
2424 6168
509 7836
1520 2802
6583 3271
8833 1200
3321 2276
3734 5629
8829 1533
3152 3019
7182 7939
3442 7925
1729 4347
5069 4555
3404 7249
2722 7525
2129 1032
3683 6713
176 9045
7171 5246
6927 6204
2289 4630
637 2660
2446 6592
4087 7975
7747 7821
6965 8214
1566 3123
7658 5279
4763 9230
2433 6059
3660 2830
7748 9047
8474 6346
3366 2227
7415 8462
1706 5270
5190 3547
4523 6134
4691 3396
5835 1148
1507 3076
8477 8574
1693 5449
2982 2359
4708 5214
8834 5053
682 2229
5277 2593
4250 6961
471 1945
1345 2384
7623 3525
7854 5310
2282 623
5433 1797
2838 1552
227 7337
9236 4435
8987 7954
9296 9451
3850 4701
3943 3481
6802 4616
7049 5908
188 4717
8897 3209
481 2001
1631 9125
8615 8196
4229 4383
8974 9180
5189 8622
2478 621
787 6513
6841 2588
4655 5355
3790 2443
3855 5917
4566 6580
9314 538
2008 9077
8091 157
5085 9456
4695 3969
6 7143
132 1894
4257 5646
2997 4974
389 5477
3979 4407
2746 3728
7027 1940
4822 4133
4599 5670
5667 4893
9319 661
745 4919
3738 5925
131 617
5260 1487
1005 8456
6432 1869
7825 2432
2124 4322
2502 8808
2211 5175
1738 5812
7323 2892
8613 3902
8109 243
4249 4749
9327 5185
703 2927
3197 4694
5255 1591
7562 4421
4235 7882
2315 6698
8439 8902
8634 743
4082 2493
3583 6521
1288 2969
1861 2658
1748 593
8615 4861
2272 9225
8809 2484
6380 8228
3003 9322
2170 8848
5368 9462
1243 3496
5878 4954
5722 7618
190 8624
8628 9346
256 3230
8770 5561
5106 3733
3383 385
6284 351
7159 6308
6074 2575
1627 9092
4099 4281
6309 3190
5817 3518
7043 6920
974 1649
7198 7567
5589 1833
2722 7769
4008 1170
2725 7007
9021 6846
8412 2380
7223 7509
7908 5914
1874 8754
7772 946
3860 3120
5291 8811
611 2078
8200 1447
8049 1583
3415 7489
5011 9396
8295 8661
1674 6252
838 8838
7313 4671
4298 7181
3192 1408
2839 8946
5680 3471
41 6207
6584 3000
2812 5137
1492 8813
6504 9088
2201 4656
8008 9410
2676 4061
3776 5534
880 1884
8799 7502
2850 5893
8990 1681
8625 5971
3562 8012
3191 9377
8445 3294
2997 1196
4261 789
2761 1401
2472 3727
9250 6334
6297 4908
5764 2643
8886 4510
6600 7705
5331 1090
846 6206
1095 3657
2328 3648
4246 6998
2402 172
3004 5055
885 6060
6660 8398
8311 7100
4842 5665
98 3062
9063 5495
3656 1609
711 6248
2750 2169
6281 5705
9054 2904
8194 5738
8144 8446
3471 1417
8111 8671
5544 1872
9121 7341
8108 985
765 6128
5978 6288
2662 7038
4567 7424
847 6498
5922 2065
1888 669
195 3923
9226 4659
4841 3037
2057 7020
2642 5854
7445 3552
8109 4211
7266 6678
4519 4044
9291 3922
3109 8219
4361 1067
1015 2439
1851 6565
2985 9104
2390 3642
6994 862
8753 8059
7019 6336
4351 3763
261 5201
6785 8955
4191 6563
1378 8589
4420 3245
3837 1118
2902 4636
1618 4898
5476 5689
361 5312
7832 6570
5647 9374
1361 8760
5882 2654
4587 1247
6923 4140
7711 4809
2993 4632
7154 855
1420 7083
7166 7776
678 9391
2610 3412
7787 8745
5910 5846
7852 5911
2789 8397
5335 7526
7348 4160
2149 5328
1518 7682
7489 8197
1270 3023
1740 9151
5824 2343
6486 8926
6049 5359
6574 5711
4546 8139
747 2407
2850 8738
5273 5472
4589 9034
2208 7173
9099 5894
6181 8593
2593 5790
3381 2463
2401 1600
1828 6439
7833 241
6059 8027
442 5786
2664 5516
7735 3488
619 2614
5019 1289
9089 5487
3224 5016
3409 6340
6902 7208
624 917
7660 276
2441 832
6132 4084
1250 754
1397 7645
4583 3367
4043 773
2369 3241
361 3994
6566 6445
1695 5102
5764 391
336 6173
3504 248
6828 9367
6611 4105
876 7183
3582 797
5378 976
1306 4911
1675 7369
242 5199
8874 3277
1900 3736
5342 2311
829 8935
1373 3831
355 7679
6019 1186
7761 3539
6459 5683
289 7475
344 6747
295 5771
549 2071
8852 9470
4295 799
8105 2866
4842 4760
2991 8258
4528 3237
6746 2759
3881 9257
2013 6420
337 8473
2387 8758
3403 1601
8031 5563
5412 5364
1298 9214
5581 4220
2249 5920
3675 1581
8018 6557
3514 1021
8513 5559
3826 7541
5792 879
5025 950
4685 8126
3905 8702
8356 5650
1234 6687
4338 6009
1382 6064
4114 8739
636 7510
6108 5718
9456 1624
4253 3449
2830 2177
1456 1820
339 1493
2343 126
5744 3817
157 8216
8615 9241
3236 3035
6426 915
4614 951
8102 6232
2006 4107
5223 5200
8404 2894
4933 1010
7841 7797
2722 8820
6404 388
8383 9079
3592 1979
843 596
4504 6298
4388 4014
8292 6499
1188 3470
1820 8864
4561 6362
8167 4891
7477 8375
6444 6578
6661 3963
7243 4633
6030 8600
4673 1030
8955 7325
4316 4742
4484 2185
8860 2509
1028 8518
7389 6175
7254 4803
9294 556
7172 8536
7732 4967
2408 6478
5503 6755
108 4581
8370 2799
553 4123
3931 4475
1580 4991
1843 7293
2267 5614
4281 7723
7290 6345
6135 6676
7902 6405
6413 9000
73 3613
1092 5435
2506 7557
1045 7187
5427 2581
4526 1434
5951 8498
7931 6928
4764 5111
5038 8253
5065 4518
5881 2563
2889 6315
1749 403
1747 887
4643 6865
3952 6772
5982 1141
6165 3249
5036 8081
267 3929
1777 759
9407 9020
6574 4613
5595 3945
4701 6155
8569 7924
106 1769
8925 1604
5112 6867
2476 7883
5781 5217
7192 7953
80 6217
3849 1467
4531 2630
8230 8282
8293 133
4159 1419
7183 1346
4145 6227
5794 8621
5918 2076
869 8646
3382 1977
7114 8220
381 2351
1073 5602
8018 6839
2071 1535
5900 6305
7290 4095
4292 6662
841 2244
9447 4085
3882 1228
1428 4443
7907 3134
7481 5430
423 9175
7198 6394
1643 6000
1136 3976
5391 2764
8060 4635
8079 4101
6928 795
1814 6158
8629 3174
7314 3111
1028 2037
507 3042
4886 7792
1359 5845
5942 5460
1097 5458
5148 298
1258 6804
8776 7777
5490 1295
3965 2702
5078 2952
937 8591
3583 2530
6965 804
3292 3487
1024 2205
3592 3622
1765 326
5518 1726
243 740
8693 8436
5649 23
3430 3169
4525 8410
2295 2128
1525 5297
7942 6441
3739 1311
7807 6868
4960 8566
2461 2098
4649 2260
8213 8614
1453 8514
9368 343
1649 1620
4833 8083
6444 6141
4357 3101
2675 3515
3674 2647
6875 9273
8867 3490
118 9110
8989 8419
6754 1324
1125 144
474 8442
5518 1852
7601 6776
5532 6251
8143 644
9249 7454
3422 7817
2044 4963
8902 7967
1338 304
8999 888
2981 1379
2249 1280
422 5096
2082 3889
3505 8348
2953 1885
3450 1262
9239 558
674 8873
3838 1510
4203 5822
8506 4662
4686 8124
6356 6519
695 1619
1023 5113
3052 6069
8082 354
5113 5339
3203 5103
5045 303
5438 5081
7528 1495
5369 9153
1990 1432
3936 7384
4837 8071
1256 1615
7415 2093
3285 46
3721 3103
2043 1189
5996 7644
3748 977
2361 3544
5409 4303
326 1563
721 202
4303 206
9425 4463
2291 5562
5085 4935
4190 2819
383 4127
7723 6286
6706 5027
6454 6980
6265 966
5598 7463
7396 2748
148 4440
1419 4947
57 5858
8975 1710
6679 1047
3271 640
1784 5020
2741 2882
6481 95
5085 918
7918 3428
4921 2469
2883 988
351 2386
5823 7422
5585 6544
5 107
2555 782
5542 3968
6583 6912
7445 8062
3142 541
3088 5174
2808 2639
7658 5690
6268 748
2670 3173
3871 5058
974 2768
7314 2780
2464 1349
6190 9168
9325 4231
6077 1877
2487 5098
1403 5777
7286 1701
643 564
9440 7388
3279 7236
7012 9190
1153 4337
552 3524
5609 3255
4435 6645
1876 5105
3936 5859
3827 4313
5492 7277
950 6468
533 1486
211 8579
9305 8306
2803 5471
6515 1974
1948 5396
1467 3418
3503 6418
7396 6954
5622 7738
9282 6220
8001 8070
5138 1950
9409 6389
7779 2949
8400 5324
6362 3
3232 1149
8746 5304
7827 6062
6492 1
6737 4130
7756 6748
9243 7124
3847 1395
5515 9201
6357 6027
7121 4730
7648 4650
9116 3058
3927 5558
3880 1899
5020 8726
7101 6962
6464 1396
1416 1000
6114 1180
4499 5383
907 180
1690 5390
258 6496
6225 4773
7661 345
5389 6272
3896 6813
3408 8592
637 689
3671 7862
6113 4578
5338 5865
9251 2728
5691 1961
8519 235
1480 5885
8438 7858
5113 6117
2749 8453
3699 6625
8047 1529
8501 4069
4359 860
2643 469
2792 1768
3011 8554
1570 8761
1569 5181
6397 8169
663 7127
276 8154
6799 5399
871 1923
1803 9164
265 8305
5407 2270
7448 9069
4951 639
9014 4166
8178 7754
1215 5915
7210 4620
4854 1367
8817 1935
981 6083
6186 275
3432 1659
5969 3145
3123 5506
9256 5965
181 7023
4328 1365
9381 5150
5808 5590
9249 8344
3955 9437
8477 9369
384 1811
4761 1515
677 450
7683 6070
5401 9234
917 5457
6866 8927
1229 1752
7911 503
4107 1879
3881 7952
3023 1461
3181 4013
2540 4533
4665 9286
2782 9372
2483 3238
768 2148
7325 293
7665 4576
8693 9108
1516 6167
791 1889
6333 1866
6340 5268
2920 9402
3571 3149
8944 5462
9380 6699
7871 6910
2797 4801
1503 4877
2899 8588
5882 3133
239 7649
9017 7770
8399 2763
7685 8094
7912 4736
4850 8245
4229 5207
2156 4161
2643 779
4693 6057
4447 1709
1513 4744
4873 6797
1684 1016
771 56
1425 719
6297 6622
5023 6708
2570 7102
5000 2912
6859 4041
8194 6655
1352 1286
3364 1870
4553 9438
5409 5517
4402 1770
7099 8257
7899 2362
6834 1919
5693 5810
8107 3461
5487 7956
6965 320
4718 6502
2255 489
2492 971
9310 3714
2800 9010
5299 8697
8710 4100
3179 6641
4569 5956
3785 6429
8944 6752
6931 3440
8354 7551
3862 6694
3984 2918
3313 6530
8495 2425
752 1056
151 7500
423 4201
249 3391
1171 632
8860 4863
7272 6812
5146 5657
5479 4793
7251 7297
8657 8602
9271 1780
4387 6588
4283 8525
351 7339
9268 1249
7254 20
8940 9461
790 2367
7338 3509
5453 4255
5675 2021
1979 2069
2742 5671
6810 501
6925 3113
8687 6536
9319 8274
8975 3010
7845 3340
8090 3966
6267 3930
4637 1887
3458 576
7960 3328
2033 5929
8699 5171
5377 4120
6704 5643
4845 4719
6205 1354
3856 8116
6769 7303
2660 2173
5411 2951
6435 6631
2229 1654
7481 284
9176 281
3835 3188
2111 7920
584 3664
5351 8333
5826 1173
8807 247
9239 9392
8950 8430
9110 8879
8741 4326
7856 6914
7401 5261
5001 6109
3076 1672
4266 6738
9258 5731
4720 3824
7708 5916
7869 7282
222 3767
4570 1022
3370 4002
6360 1678
5459 4847
6124 656
3731 205
5575 4457
3216 6048
3423 9049
4580 8365
9346 7873
6114 2868
624 7699
3050 1374
9092 1644
5310 4625
577 8174
1086 3670
1056 332
7133 8427
2795 4644
6567 1380
8124 3725
2115 8555
995 1673
1425 825
8373 9247
7695 1155
655 5358
7077 4532
9142 7878
3863 6307
6067 8963
4521 6497
6215 4199
1006 7537
2163 4204
4027 3586
4171 4838
1198 2030
7102 7416
7118 8211
7048 6075
2991 4334
9356 1723
7445 7655
7159 7130
4119 7606
285 1128
120 7707
7456 2737
743 1175
9429 3411
5716 6975
5144 6044
4173 6524
6092 8251
1108 109
4978 9467
4545 2668
6935 3519
4403 7175
6093 9165
2456 5848
6561 6088
8800 6879
8265 7316
8016 7188
6761 9200
6278 13
6499 1038
3936 484
1554 4808
5258 8686
6479 5440
5181 1427
2501 8994
4015 429
5953 6335
86 9237
1010 4497
8121 1362
3979 8749
7330 2963
8735 6905
2361 7283
2149 9427
1535 6233
4778 2327
4545 5754
4313 8242
8922 8979
3430 7328
2251 3569
828 9303
1324 4437
3600 7148
6437 6556
4733 625
3115 1126
8680 660
4776 7892
5794 331
6838 5219
9005 3132
5815 2113
3374 1762
5440 3762
606 2455
8956 8298
2569 9075
4105 4131
3835 1745
6088 2118
4569 2649
5554 7794
4095 4350
2581 772
5610 9209
1347 7473
8576 8785
9029 7802
6706 5172
89 1972
6346 7962
9415 8387
4341 3211
2028 2083
1591 1285
2127 1176
6447 635
2960 7877
262 6821
4350 4177
1050 3289
3659 8645
3821 2607
3126 4207
8417 6188
1246 5432
1823 16
8935 9127
7529 4481
8711 6403
6631 6490
6081 8390
9004 6436
7590 5564
7396 6576
8133 883
1675 5713
2136 987
2421 6918
2538 7806
4399 7972
7502 3376
6167 6827
82 1545
154 3534
46 7790
6600 7842
2717 706
3030 938
7541 3932
1908 2085
5457 5323
1069 4458
1214 5751
3214 2891
7454 2247
3413 2602
8654 4745
3212 1099
9428 5605
4460 1750
813 1886
2768 6086
4458 5318
1736 4573
2039 2546
2123 5784
4917 834
4095 9376
3351 2757
8186 8677
4810 2954
3879 3604
8125 5669
558 6261
888 427
3335 4155
459 2222
147 5155
174 6424
3671 9422
9298 8642
70 7563
2126 1534
6198 6477
2182 1688
1755 9300
159 963
6163 413
1148 315
3510 4049
7577 1807
9131 5530
4692 1296
3555 6399
7760 2187
7580 1599
7312 9082
3689 1611
1176 6904
7732 6157
4126 2781
6435 5923
2772 476
6047 906
5174 4385
905 2158
1649 3402
5409 7513
3123 793
4860 3246
5829 595
7494 9040
3645 7982
2651 8422
7566 852
1266 6936
3318 3753
2757 2454
8766 1585
9005 8336
6432 6377
2796 7857
2799 2849
3757 9397
1348 399
5824 4762
527 6151
8757 196
7264 1623
5256 4651
1074 9064
7159 3287
9289 81
5226 7656
183 2358
8634 5639
5215 5198
8931 307
5205 2635
6522 4073
1149 7296
3810 668
2630 6789
8893 5466
6825 8980
9047 6359
1139 7331
5216 2553
138 7248
8233 5759
6705 8229
7076 8182
4936 7605
549 4264
8669 8099
1659 7714
3897 3234
6570 9311
680 7900
1042 9154
2745 5897
3884 382
7832 5272
2806 3836
625 3632
7836 7066
8500 3743
8482 9326
1249 5163
1703 4640
8579 7460
8423 3568
655 2584
6173 3643
7581 4398
1601 7822
16 5329
6176 5684
7455 8933
8575 3281
8559 5834
7128 9198
272 6543
314 8832
6422 7113
1425 1621
4991 3726
6931 8717
9127 1556
444 5805
8541 3719
7020 4152
4106 7667
5174 4834
5815 1694
2792 7315
2084 1850
6615 6239
6125 1253
6111 4349
5093 4506
3144 3840
396 1969
6551 252
6937 8272
2981 8521
6142 8095
3844 8958
3968 3315
6184 8727
6922 9345
9345 7400
7223 8953
2125 4982
8834 6273
4222 5635
605 3973
198 1440
8857 9025
1686 9210
5206 1826
4743 1398
8075 4598
2883 2715
2883 6026
1057 3357
2008 3229
3404 1942
2312 348
5284 189
2298 5587
1748 7617
235 71
5165 193
6879 3307
8966 8128
7594 7539
52 2213
7786 1696
6680 4212
1285 2466
4082 6351
4963 806
5028 1116
9326 6386
4739 9433
7731 1753
1183 2794
173 6228
388 1608
2868 2073
1749 9073
3183 592
8805 733
7154 8136
5550 8626
7667 5110
6824 4372
80 7666
6598 4661
4197 3020
3057 14
6720 9463
7926 7094
201 5618
8279 4019
8889 2681
1725 3310
2762 6294
4125 3953
6460 1818
3388 7831
5539 1898
3361 5478
6859 6118
6592 1536
898 8828
4705 3676
7262 8839
1098 2473
1392 1509
5573 3967
3615 3254
1355 5945
9032 7543
5144 999
2902 7706
5356 6110
7068 3553
4245 1928
5844 6501
7843 6384
2824 7626
1605 2583
5887 7028
8024 1921
8753 2376
1569 2058
5351 4757
5439 4627
5556 7239
577 2646
6927 8367
3287 2657
3682 6953
5301 7552
2247 7380
7014 2396
5972 3589
2903 2081
2635 6894
5792 4689
8057 2429
4315 4878
5927 2929
388 1414
2755 2747
540 7394
8247 9217
5243 6992
4921 3460
2020 3565
7207 3135
1435 6423
1557 8605
502 2027
1240 437
8655 4782
5736 2389
1497 4830
6132 117
593 7840
5450 9013
8997 3343
6097 8468
5826 4949
3024 438
388 4025
828 8481
951 1543
6699 8022
7229 4700
4079 8310
1656 8942
3298 4495
347 5760
6363 5734
8578 2542
386 7413
7718 1029
740 4146
227 2482
6496 3803
8179 4639
4356 728
2278 6987
6497 3619
3244 5109
7236 6729
6426 1476
9059 2655
6726 8138
3018 3928
3265 2626
6777 3637
8148 3089
4372 6817
6893 4754
7694 116
5563 3712
8185 51
2330 4089
6917 7691
990 755
4099 9293
6056 4618
1974 1110
1831 6528
4266 3713
281 3730
2115 2984
2748 3900
6887 2233
7848 3892
717 1400
5247 2791
5621 2200
772 8149
8601 5988
9377 3138
8556 8130
1346 8323
5936 1333
1901 5042
2646 7217
4296 1027
1583 8364
7663 8643
5399 5715
1076 1587
8391 8337
5107 7596
7939 2828
7216 6844
1860 2431
4116 5480
5559 291
1272 8639
2222 5451
3328 6469
411 8113
6610 68
6983 5625
6959 1786
8303 2820
2761 115
8514 2109
5923 6847
4659 179
4829 3456
2910 3112
4915 3691
1904 7169
4806 3323
4302 5952
1378 7844
1149 6085
5367 4373
9239 1088
8381 5064
3278 4178
4744 6539
886 3766
3836 9204
3217 4903
1233 1462
3470 8276
2293 9459
8936 2640
7763 1702
2308 2066
4591 1267
5875 3041
9116 7342
3062 6991
3006 370
2917 8855
138 210
7456 5640
7823 7419
8478 7673
1975 4223
3793 6058
15 2416
932 3652
1593 6760
2409 8260
4067 6616
1891 2730
3496 6021
3785 3410
1909 2879
4376 6410
7431 6538
7986 3104
7457 4309
6028 8281
3785 5122
8608 3756
3947 420
2070 2541
4815 8122
4486 7670
6485 5252
6758 7423
2558 4774
1152 7866
9334 6338
5363 5768
790 2835
4405 233
4846 8603
6742 9406
5395 3225
7049 3857
1113 7979
4866 7556
1476 2943
1645 6716
4223 1066
2448 2360
2960 5695
2566 2285
3447 7041
3224 1089
496 7214
8107 7675
4150 8802
2494 9450
3135 1500
2087 8517
4465 6950
3909 2659
1560 2079
3925 9219
9261 6145
8447 8205
5497 8594
1048 8084
1364 8866
634 8119
2553 5188
8706 6733
6346 3940
6155 638
7838 5044
8887 4706
7921 7060
8677 225
6699 6105
9143 7055
766 796
2885 5131
904 4989
9217 7520
8766 9012
5196 8812
3456 4496
2580 6840
5027 3746
3027 2671
5455 4596
3570 4582
1970 4969
7863 1911
137 6554
6052 4592
4486 4284
8045 4654
4803 2452
2277 5631
1797 5448
5704 2471
7188 8176
2328 3596
2947 6607
9250 2059
3755 3842
6384 5489
6323 5773
8975 3268
5271 3960
7600 7039
3691 6449
6260 7485
3574 1966
3088 4401
5830 6388
5669 5348
4781 7152
2223 8296
4493 5239
8479 9179
9413 7690
1776 3913
1112 3576
109 9100
1120 2199
2076 8863
5543 967
6841 462
8383 4254
327 4362
8908 2040
5924 8294
975 7950
405 3608
371 3033
915 3252
1090 969
7635 7634
7128 6154
1414 9357
4695 8884
5702 2378
8900 5901
7288 2414
2400 316
1426 3661
2931 9383
1015 7653
296 5229
8300 2967
6504 308
1042 5353
1803 2068
4313 5238
1811 2029
3642 2366
6300 8135
1047 4769
9449 2207
6062 5545
7324 3799
5580 2823
4102 7851
6442 1470
5643 4057
6463 8277
4676 58
7914 3368
3374 4505
7110 5072
7988 6700
9435 7855
7377 8352
4529 3344
2993 3075
515 3392
7945 8938
8169 2740
7103 5314
5847 6642
1907 253
626 7387
5421 6779
3764 1521
3606 8254
5988 8058
143 230
162 5426
3027 5130
3400 94
7550 6715
7529 27
6292 8461
7142 6209
7116 369
5811 9370
4943 2900
3040 30
953 5948
2125 5628
41 2688
7806 4293
6614 7354
8892 3998
4738 5259
6145 8854
3823 2303
2768 6152
6072 7115
2511 5802
430 2687
9448 435
7557 565
8631 6353
6830 7000
6921 2705
5465 1989
1568 8064
6676 4478
7152 2374
4415 428
8182 8170
1620 8515
1536 4957
8330 497
3704 7088
4030 3560
8468 7587
3317 777
5762 4688
8047 4308
843 4771
6209 5962
4434 7955
8389 8837
2841 3038
3264 3597
9068 8048
3786 561
8533 1957
7468 5089
4280 3369
3982 7003
4510 2176
8322 6318
8473 2846
6251 7569
4403 1617
5991 8849
6039 8916
1465 5210
6998 788
8361 3906
6082 3941
3339 5014
5606 5627
8803 4279
4080 4962
1480 2990
571 8973
6290 7697
3448 9355
4305 4899
4617 2592
5682 986
487 5645
5409 1415
5613 1800
8105 935
7549 7065
2976 9093
8842 2915
499 6947
8738 1343
5376 1558
2713 6004
6520 1443
2863 8791
9055 4987
7653 4799
3362 6455
1460 1044
8421 1910
2731 8772
9085 2370
2719 7276
8884 6667
8117 7830
6430 6635
5444 3395
5126 1730
4526 722
1732 6400
581 5853
7598 9181
1403 4796
1751 8335
6090 8392
9378 1223
9366 6833
7615 7782
567 3455
787 7029
8817 2685
9236 3358
7114 5394
1171 5709
217 9364
833 8014
7671 1193
5136 5662
8823 1638
5805 3159
1344 6967
5642 2307
7718 5505
8217 780
8268 2496
218 4503
9037 1271
6704 1865
8623 6320
3702 4011
5049 8414
7252 7607
8457 1391
2911 5725
7171 6702
3278 2016
6788 203
760 3155
4444 6533
4953 2120
9462 223
4528 2322
6258 1789
770 3477
4417 394
1641 7052
2829 5904
4915 3186
3517 6079
2896 3308
4303 6590
6208 2106
727 7893
5145 5868
7504 8775
171 3780
6218 6911
5174 6605
2111 4867
5034 589
8870 4228
2967 2458
6827 2314
1609 5896
5137 7639
7566 7781
3835 6594
5281 8546
2503 1960
4252 2080
5942 1353
8186 586
2705 7037
4730 5687
4372 4072
6037 2871
1894 8264
7341 2131
4908 3078
7362 7292
8750 3497
5981 652
132 2736
1422 3779
5663 6654
5871 1242
951 1512
1064 6494
812 2403
2530 8360
9307 3178
7459 6237
9002 3662
3365 8903
5926 4724
6947 2157
8537 665
8007 4937
1165 2777
4807 1856
4830 3770
9062 2979
7059 8403
8575 5701
5575 3384
7224 7300
3155 7047
3562 560
2669 4770
4231 9454
2281 9043
531 6872
6155 6160
768 4310
8786 1158
1723 7997
4118 3635
1416 9400
5880 5292
6146 9283
6045 2186
7144 1406
2297 7614
7363 8032
2289 1436
5882 618
2705 612
6329 2564
7470 5730
3582 7629
1038 8951
2345 3819
1723 9048
6480 7669
6687 1836
1468 8822
3962 4000
2678 2154
2111 4290
6837 8890
1339 815
2457 8188
5538 2321
8143 1204
4064 7074
6447 6398
8943 6826
4160 4961
7898 6042
1376 3166
3553 5514
738 97
3470 4471
4698 3520
9380 5717
7893 746
7440 7976
5396 2811
3087 1018
604 3845
7983 2269
3287 492
9172 5021
9026 7146
1909 5461
9342 7487
6786 4006
900 465
8709 3686
9432 6129
5518 4818
9295 3431
3273 2714
7039 8223
6211 6366
1720 5300
3892 3347
9378 2174
5305 1219
5261 8237
6434 7085
7116 8331
7932 2574
8477 8906
9204 5161
4723 5803
5409 6408
6353 6071
7615 6376
6527 5843
5276 684
2362 7336
690 9149
6169 1115
6269 521
4644 5068
1330 4755
4742 1528
5409 7784
1682 7560
7164 3275
9184 4711
3008 1506
3296 8814
370 4958
4822 1663
8037 2324
