25
4611686018427387905 4611686018427387906 4611686018427387907 4611686018427387908 4611686018427387909 
4611686018427387910 4611686018427387911 4611686018427387912 4611686018427387913 4611686018427387914 
4611686018427387915 4611686018427387916 4611686018427387917 4611686018427387918 4611686018427387919 
4611686018427387920 4611686018427387921 4611686018427387922 4611686018427387923 4611686018427387924 
4611686018427387925 4611686018427387926 4611686018427387927 4611686018427387928 4611686018427387929 
16
4611686018427387905 4611686018427387906 4611686018427387907 4611686018427387908 
4611686018427387909 4611686018427387910 4611686018427387911 4611686018427387912 
4611686018427387913 4611686018427387914 4611686018427387915 4611686018427387916 
4611686018427387917 4611686018427387918 4611686018427387919 4611686018427387920 
24
4611686018427387905 4611686018427387906 4611686018427387907 4611686018427387908 4611686018427387909 4611686018427387910 
4611686018427387911 4611686018427387912 4611686018427387913 4611686018427387914 4611686018427387915 4611686018427387916 
4611686018427387917 4611686018427387918 4611686018427387919 4611686018427387920 4611686018427387921 4611686018427387922 
4611686018427387923 4611686018427387924 4611686018427387925 4611686018427387926 4611686018427387927 4611686018427387928 
36
4611686018427387905 4611686018427387906 4611686018427387907 4611686018427387908 4611686018427387909 4611686018427387910 
4611686018427387911 4611686018427387912 4611686018427387913 4611686018427387914 4611686018427387915 4611686018427387916 
4611686018427387917 4611686018427387918 4611686018427387919 4611686018427387920 4611686018427387921 4611686018427387922 
4611686018427387923 4611686018427387924 4611686018427387925 4611686018427387926 4611686018427387927 4611686018427387928 
4611686018427387929 4611686018427387930 4611686018427387931 4611686018427387932 4611686018427387933 4611686018427387934 
4611686018427387935 4611686018427387936 4611686018427387937 4611686018427387938 4611686018427387939 4611686018427387940 
