910
624 706
706 837
837 758
837 626
706 342
706 317
626 414
837 174
837 737
342 388
342 641
414 493
641 228
641 366
174 842
624 762
388 901
493 622
228 389
493 142
626 136
622 688
762 451
706 723
624 115
842 158
901 223
493 490
388 193
193 196
688 577
342 411
342 381
842 341
136 191
414 282
411 107
389 30
30 119
626 215
196 548
196 699
388 808
282 543
389 213
411 846
411 299
119 770
389 715
414 629
411 774
737 858
706 602
451 734
737 772
734 47
282 537
762 437
437 580
734 665
30 89
342 258
641 338
411 145
734 546
299 811
119 447
388 133
107 656
338 217
624 7
215 910
145 476
624 28
447 387
282 104
158 753
411 747
104 108
30 856
338 331
490 670
837 486
387 265
414 562
228 501
228 87
366 76
476 378
580 534
115 857
258 554
493 590
7 527
136 834
641 357
338 862
282 558
331 612
546 634
317 879
758 274
108 16
76 680
501 444
602 45
846 801
548 578
493 290
670 896
602 336
47 182
857 139
217 289
554 809
680 457
901 593
879 413
139 567
734 85
612 32
715 902
387 633
115 710
341 66
774 779
734 362
476 309
413 238
451 323
338 340
388 218
562 874
218 129
626 86
562 829
580 741
612 526
710 441
381 358
670 434
89 106
215 725
580 646
32 465
902 868
580 839
16 71
580 205
265 728
624 733
546 270
577 369
590 95
548 430
733 719
381 507
567 827
622 440
537 141
213 54
378 202
133 463
115 606
215 268
719 351
490 532
182 34
129 785
388 300
115 496
145 113
430 185
463 764
753 3
381 319
218 468
217 530
590 204
447 756
133 630
527 264
142 294
756 536
548 497
66 467
319 296
351 367
719 535
323 97
670 371
367 709
734 135
218 219
558 765
87 144
319 907
264 851
113 832
612 246
896 308
219 870
185 677
747 206
196 619
413 448
185 817
593 843
680 114
191 631
688 480
656 438
434 589
204 62
108 122
218 841
145 686
228 819
808 875
706 908
290 65
839 564
843 75
265 831
341 402
62 540
641 810
808 514
54 898
174 726
185 805
264 648
801 226
158 259
612 673
673 617
580 189
577 658
45 6
868 84
289 859
728 22
340 605
205 302
868 277
842 729
389 173
371 713
351 531
228 428
715 888
270 124
546 380
631 781
819 8
480 399
173 738
206 539
810 283
841 222
144 499
709 159
30 111
634 40
558 262
317 693
713 607
879 194
84 529
289 642
728 632
30 653
879 594
262 396
839 346
747 203
246 245
465 807
486 140
40 156
189 183
294 730
564 897
274 687
87 844
648 672
265 821
677 321
901 53
183 162
321 325
672 50
779 887
265 877
122 269
738 504
738 768
358 279
897 491
656 46
282 712
901 484
447 582
396 891
729 700
296 777
265 651
378 356
302 838
367 620
624 787
268 73
901 886
624 788
399 48
223 74
50 492
86 502
193 166
325 627
829 101
888 830
843 778
277 240
492 797
414 306
53 767
84 176
336 96
577 512
321 863
451 373
204 334
672 261
834 692
797 450
797 855
501 871
787 826
290 91
66 187
672 869
497 731
617 569
334 571
308 326
96 130
48 671
536 708
902 802
71 233
486 852
887 90
174 477
875 721
774 330
122 239
75 236
176 231
413 566
294 416
399 178
874 798
671 542
34 298
542 24
108 161
829 42
32 668
346 743
213 473
902 583
672 523
886 324
387 125
632 563
28 15
602 266
725 39
870 649
296 759
658 67
673 883
687 131
656 418
497 676
183 120
141 784
731 552
859 167
399 559
185 643
380 210
870 212
834 904
741 584
467 379
135 235
886 503
527 63
868 470
167 425
774 459
767 216
414 412
144 374
50 267
590 906
875 479
502 72
491 117
3 163
459 453
277 905
290 80
430 854
554 789
564 752
213 515
897 419
204 288
558 683
441 383
101 506
883 150
897 59
831 547
62 637
788 621
418 482
228 372
331 519
300 694
372 549
428 655
785 799
231 368
239 616
59 64
523 456
842 614
730 466
223 83
629 513
235 36
476 498
277 180
543 667
837 284
871 170
269 782
463 293
283 52
752 705
402 560
844 659
906 25
758 780
399 376
580 405
756 478
801 510
477 337
723 55
648 121
434 286
829 872
178 500
819 263
372 21
131 691
217 432
777 209
180 328
709 460
842 445
302 332
830 587
491 57
15 639
217 595
309 601
737 516
279 697
447 812
700 352
215 625
811 192
617 464
872 409
238 4
910 312
30 757
205 385
676 657
643 110
501 791
506 596
120 370
161 604
787 650
515 252
328 880
202 553
261 184
842 742
4 890
337 33
868 179
52 849
629 58
811 522
542 800
67 198
385 598
737 132
671 487
161 878
239 884
34 318
787 322
849 243
351 287
367 384
537 610
484 727
863 128
617 273
658 597
883 152
671 343
336 11
764 732
539 771
180 116
632 17
651 214
805 565
306 391
299 825
90 349
136 160
7 272
529 195
47 893
491 175
693 211
358 824
605 354
782 505
46 544
712 873
493 591
767 835
569 99
294 69
799 748
218 813
464 474
115 903
162 613
849 576
217 551
729 344
341 815
544 155
808 494
688 600
506 866
655 790
630 556
756 488
607 511
893 27
479 291
209 255
193 581
465 714
768 165
3 439
86 471
321 134
25 181
622 795
549 154
753 123
510 773
830 275
228 586
96 572
730 153
205 750
139 197
104 524
464 592
872 660
699 645
670 555
606 695
710 662
50 78
878 707
64 397
498 20
826 454
349 661
150 186
795 449
789 208
680 433
586 568
52 310
378 848
288 285
332 138
378 38
411 207
246 333
866 276
831 618
270 436
142 550
438 109
587 881
170 899
676 408
463 766
238 13
380 29
680 664
36 237
497 525
552 420
262 429
262 43
142 682
108 313
762 647
798 271
306 462
874 250
337 295
150 221
273 244
824 316
516 895
30 678
237 12
467 172
43 200
788 377
270 636
125 794
372 311
460 806
630 769
594 410
535 716
277 603
707 644
209 574
166 359
854 386
259 415
738 424
344 461
721 102
346 557
512 579
290 127
710 339
617 31
124 81
619 666
549 355
420 177
653 403
163 297
183 751
371 885
16 77
782 860
328 840
491 485
113 538
738 669
630 793
196 329
851 623
752 608
546 570
39 224
152 452
20 257
552 472
309 681
750 638
908 585
511 520
239 528
87 783
907 44
239 760
78 431
50 1
90 518
451 148
362 26
80 94
300 833
662 188
154 865
709 230
758 247
430 509
186 375
596 663
536 561
250 421
838 417
433 717
862 260
613 685
195 248
526 314
910 92
416 100
498 146
772 147
526 307
470 744
296 394
178 909
270 704
117 853
511 281
516 588
368 521
339 2
732 882
832 423
662 816
271 23
891 82
542 345
108 253
532 739
666 850
862 422
193 628
558 280
570 393
613 5
594 392
205 675
791 755
461 718
247 98
521 749
788 70
471 400
579 761
25 353
397 823
40 820
121 112
130 254
618 652
416 190
807 49
154 481
230 335
880 103
884 143
282 640
550 350
231 401
120 722
536 876
342 814
54 278
683 407
871 348
798 229
562 149
380 455
561 35
808 892
29 711
731 365
236 635
471 360
595 495
540 792
107 18
84 690
341 201
479 458
125 157
351 364
532 475
165 361
265 164
178 889
727 469
909 305
596 225
77 533
331 14
27 847
218 615
32 702
432 701
474 545
167 426
262 363
451 168
835 517
123 427
274 689
265 118
333 406
485 404
830 679
289 10
808 483
903 320
827 249
570 151
472 93
474 251
147 446
114 803
77 900
717 763
669 382
206 508
617 776
756 828
463 696
94 37
10 292
823 79
586 674
858 736
602 88
704 390
580 126
637 861
195 9
174 241
437 315
110 220
430 754
53 442
736 51
15 61
75 489
123 609
859 786
736 894
290 599
873 227
500 745
803 304
873 256
446 398
45 234
667 301
132 746
745 822
475 796
275 575
212 867
867 435
248 611
779 303
752 724
865 232
531 654
159 137
108 698
686 573
891 684
754 740
625 171
483 818
306 327
821 347
568 60
95 443
483 804
359 68
498 836
627 735
117 541
466 41
500 864
768 845
306 720
737 242
552 19
125 775
555 199
305 703
603 56
851 105
609 169
136 395
