1000
648 875
875 173
173 744
875 227
875 178
648 92
173 793
178 459
227 484
875 957
178 878
484 550
878 610
875 608
459 942
744 882
875 242
608 690
875 151
151 50
173 631
875 867
631 779
744 854
878 286
882 912
854 290
610 670
227 469
648 246
690 495
290 647
550 707
469 907
608 775
608 759
744 997
867 136
867 662
136 248
997 447
469 281
50 302
50 131
631 711
779 70
907 868
484 811
178 189
744 364
608 588
878 831
136 614
647 970
364 58
242 171
447 396
290 333
588 723
50 13
13 293
588 605
290 986
868 324
831 497
867 174
779 94
811 603
831 725
723 554
662 641
554 209
178 977
647 490
779 461
641 478
977 95
912 716
58 206
459 832
459 231
831 643
50 856
707 537
58 498
209 770
248 555
302 969
690 618
605 502
293 990
605 813
174 509
969 318
302 26
537 767
878 812
484 625
286 929
478 629
867 5
227 736
977 732
641 343
588 686
281 778
907 168
94 387
227 28
70 530
469 950
333 167
461 321
907 314
5 134
648 538
509 995
509 659
136 668
509 477
26 492
775 890
490 358
174 544
231 377
625 436
459 804
554 801
509 107
736 917
136 335
832 460
977 806
242 919
538 344
92 138
281 541
541 300
890 435
723 826
605 918
242 925
178 391
538 985
929 840
811 524
136 378
492 127
58 145
70 721
509 291
248 89
436 163
335 34
502 403
391 705
554 703
744 799
907 810
767 845
703 279
550 833
538 836
173 803
95 54
803 307
391 186
5 363
918 931
878 254
833 510
363 294
554 402
917 869
770 347
775 667
343 47
34 464
530 207
89 993
767 514
662 431
919 278
402 794
89 952
952 896
969 458
969 766
460 229
703 489
279 3
833 399
447 884
324 348
868 170
833 372
378 737
538 963
278 202
744 304
833 88
925 928
794 146
643 892
770 412
458 754
614 415
281 373
707 894
793 430
167 837
833 874
775 700
892 352
95 351
364 218
430 580
826 965
34 113
498 61
89 572
659 197
580 141
874 842
399 785
202 824
884 860
977 516
917 575
952 188
917 899
882 16
554 827
70 621
917 81
502 692
555 301
138 592
293 582
928 852
580 356
703 551
113 601
229 859
690 949
26 86
859 624
993 380
744 679
721 273
667 388
957 663
202 872
907 466
279 996
957 584
209 682
209 423
931 622
461 888
141 309
348 745
388 56
403 153
572 800
803 215
229 425
301 409
461 496
431 232
667 493
163 322
3 570
995 715
363 602
88 642
715 49
209 180
134 655
26 964
824 870
668 312
812 573
227 630
425 360
180 176
995 102
459 201
554 80
409 60
360 368
602 598
388 835
826 562
188 154
794 501
378 216
625 243
562 1
80 162
502 724
700 749
996 485
167 349
485 712
363 825
884 223
242 14
189 533
290 198
1 652
970 376
497 701
811 764
88 382
26 404
80 99
836 583
278 791
964 172
963 526
526 666
630 275
803 355
963 948
875 677
378 379
618 35
852 103
113 527
641 640
54 540
791 196
977 226
510 406
614 213
352 119
530 967
652 577
206 419
854 375
375 476
61 627
501 276
840 566
882 534
61 455
180 989
1 63
347 443
314 954
892 816
229 521
352 903
458 983
461 116
754 266
242 626
690 887
570 233
588 257
349 90
995 579
88 958
887 39
403 529
509 578
892 165
275 563
206 45
349 288
307 334
461 200
309 448
624 236
314 946
207 561
888 85
534 911
833 260
813 22
929 757
624 879
443 613
309 858
804 758
493 129
231 726
888 568
582 953
379 635
209 219
647 542
459 155
700 4
601 756
145 118
642 96
257 295
716 877
376 100
496 695
911 19
246 439
538 589
358 59
707 488
501 491
842 739
903 772
986 11
167 560
497 398
767 234
70 558
659 637
775 850
816 992
14 901
736 902
642 883
89 678
163 24
219 474
352 657
566 790
201 472
712 306
655 438
403 750
583 353
643 41
967 212
813 397
993 303
640 287
566 150
957 520
314 738
700 798
521 68
877 708
540 225
100 345
566 873
766 805
273 194
890 720
202 765
832 714
80 809
833 829
827 735
151 465
562 252
257 776
648 468
832 384
212 323
472 271
168 126
145 182
666 913
812 819
502 905
712 483
439 142
118 74
231 710
356 112
754 73
194 326
637 310
912 77
404 523
716 31
603 457
70 609
627 277
529 337
464 999
271 192
219 962
260 645
102 595
223 65
967 728
541 434
287 650
526 117
324 574
391 787
588 299
448 971
854 463
560 889
252 230
989 683
173 796
911 500
840 814
174 676
225 674
368 181
194 525
588 261
887 741
826 960
378 432
11 658
631 160
304 179
412 475
530 988
650 763
589 585
198 612
314 688
493 511
14 998
859 704
435 968
523 593
273 413
271 691
796 269
870 893
197 280
382 270
447 955
912 339
415 120
721 632
113 945
524 38
335 966
423 664
686 473
380 531
659 177
186 247
710 437
575 149
229 175
412 591
884 152
996 106
403 536
339 187
49 817
817 274
24 871
584 576
510 941
68 697
254 308
189 297
81 369
436 661
714 719
77 317
608 508
242 115
602 357
461 751
402 821
640 685
509 79
697 217
911 371
816 702
182 638
929 851
145 994
376 507
573 193
180 841
601 479
459 228
873 839
473 644
343 979
73 623
387 27
892 545
287 982
318 53
971 327
225 263
463 634
918 709
957 581
813 87
100 46
257 607
558 101
695 843
398 548
558 717
150 900
355 244
514 753
171 20
659 665
530 298
246 596
102 543
679 239
439 673
438 713
809 258
637 549
170 125
990 199
260 571
779 773
399 904
572 857
650 408
327 599
323 444
276 57
577 505
652 426
502 140
368 761
663 98
119 169
11 340
571 653
194 122
247 42
298 539
45 51
682 114
963 471
888 221
274 32
439 445
168 671
295 914
576 771
919 367
294 853
710 569
609 262
182 920
189 646
702 828
785 932
650 240
826 362
384 250
307 651
172 191
173 834
323 506
409 987
595 733
859 208
537 255
199 75
871 453
216 441
950 359
466 494
842 338
869 956
439 944
369 29
625 606
969 895
152 546
165 781
521 991
314 184
711 797
80 586
548 195
544 446
369 220
912 256
77 121
998 699
979 910
293 503
240 289
199 205
375 499
26 822
186 203
913 760
439 730
199 76
412 795
22 565
682 594
825 237
884 847
70 863
781 67
250 69
142 410
889 784
3 268
494 449
825 390
184 669
697 559
826 305
200 597
676 78
779 927
146 885
775 428
568 789
428 515
843 259
764 747
854 926
437 135
724 786
39 743
813 366
641 916
874 844
577 951
679 961
189 481
836 698
720 156
765 820
560 865
541 383
466 109
765 696
683 849
928 381
950 313
256 137
653 628
59 876
227 143
712 422
546 564
202 891
205 694
596 512
912 975
790 616
566 922
811 222
841 316
563 454
845 320
431 943
226 296
286 158
646 161
919 10
883 923
595 718
720 848
288 23
596 40
314 590
102 660
307 802
76 71
899 37
449 959
231 976
41 329
657 210
471 6
94 416
931 166
771 908
928 72
258 978
692 385
822 755
200 9
65 440
156 62
100 897
217 442
766 906
416 522
550 241
618 128
856 414
531 938
977 424
569 604
171 342
644 411
949 319
213 190
390 238
599 722
119 815
171 132
568 939
286 619
27 18
622 264
13 52
739 283
821 680
360 17
722 532
561 282
190 185
207 807
929 144
165 636
534 777
186 600
991 48
669 855
310 675
875 427
442 214
569 224
676 547
815 341
254 315
758 421
318 615
419 557
184 482
653 370
640 552
221 417
301 972
559 513
646 164
54 620
165 64
603 265
584 921
39 253
807 450
502 405
397 354
355 108
975 480
860 639
959 617
920 818
155 55
358 656
907 36
656 130
741 774
913 325
809 249
377 285
228 729
873 681
304 124
158 587
571 866
815 782
62 452
499 792
70 567
732 654
56 400
125 727
158 365
80 933
884 251
47 451
121 734
287 157
817 762
155 936
565 83
863 930
141 331
737 861
306 517
887 947
796 418
225 401
51 111
351 611
460 706
299 864
42 649
329 97
945 846
125 924
454 110
771 235
755 21
738 823
121 940
191 433
718 768
319 504
632 133
343 393
600 350
419 862
239 687
628 746
887 267
679 1000
249 91
214 43
448 535
926 93
327 8
921 937
587 909
350 752
92 284
940 518
859 788
602 748
900 272
988 7
34 731
153 830
34 808
976 880
655 420
339 245
457 934
510 693
246 467
757 973
611 740
735 336
989 981
150 392
739 361
379 12
826 462
498 633
759 292
296 183
336 33
638 15
462 487
933 386
631 783
606 556
322 394
535 456
285 66
663 328
728 780
841 519
676 974
57 148
798 769
550 838
660 395
868 105
880 332
10 25
179 204
978 915
976 330
639 407
487 159
298 429
357 486
806 881
573 886
412 742
447 980
979 935
276 84
782 684
158 689
760 898
998 374
203 211
985 672
667 147
549 528
387 346
200 2
127 44
925 553
256 123
659 104
980 82
328 984
950 389
272 139
521 30
645 311
962 470
