390
9
296
37
119
219
350
171
315
258
107
278
258
307
174
282
159
382
342
41
19
353
139
267
216
340
315
151
108
189
116
3
109
298
386
338
5
174
46
267
83
47
342
213
137
165
324
163
242
40
251
21
356
2
137
343
383
179
281
91
51
321
325
93
357
276
119
242
369
101
201
301
125
94
159
219
338
36
2
202
57
44
370
92
168
123
314
133
275
231
130
385
100
80
327
354
324
121
28
290
317
269
32
345
319
132
374
199
352
75
33
27
73
322
247
18
380
291
213
83
291
204
19
254
21
92
10
213
209
11
87
215
325
384
157
276
230
196
300
312
263
235
276
322
335
128
18
326
125
70
126
221
221
363
93
164
102
257
164
378
47
342
42
103
345
185
191
50
303
145
380
117
375
279
79
246
216
183
332
310
90
187
138
139
343
132
276
285
39
167
46
340
269
303
154
101
287
304
303
238
255
5
139
269
370
79
341
197
364
208
200
325
222
40
334
229
311
242
259
385
25
233
17
188
152
71
123
212
104
297
230
177
34
118
319
61
82
163
37
132
205
372
153
99
309
6
141
209
309
373
318
181
328
118
138
90
58
204
146
248
257
244
171
375
194
349
259
157
4
307
132
112
232
147
151
304
329
245
200
288
43
108
108
22
146
280
8
388
222
354
43
246
289
90
224
350
374
209
131
332
317
275
131
301
119
72
211
123
146
6
28
282
20
199
248
136
28
93
30
227
220
124
76
350
186
359
195
31
335
63
316
239
292
154
330
242
267
260
387
285
265
196
175
61
61
172
274
135
75
277
384
211
83
297
203
314
219
332
341
69
102
101
350
188
238
275
259
227
167
18
11
135
150
96
45
260
151
185
11
242
2
91
112
101
280
190
380
262
161
385
348
