343
152
161
186
131
103
170
53
305
199
277
39
202
306
44
280
69
323
2
86
317
46
190
170
194
193
11
172
114
90
290
54
33
39
104
26
304
324
128
258
186
97
257
210
83
331
147
134
134
150
89
227
64
6
198
194
132
41
108
253
119
313
92
166
190
94
152
76
79
291
183
20
14
175
332
1
337
322
314
292
312
2
211
308
153
47
193
295
72
237
39
212
81
161
35
168
55
272
39
122
278
201
52
99
112
132
302
1
7
339
269
204
186
187
145
42
144
93
103
83
275
121
313
239
127
152
109
289
145
189
20
244
89
198
283
334
186
293
221
76
86
12
76
111
214
296
105
186
102
251
189
162
340
38
279
313
120
240
97
283
127
238
116
239
84
199
9
6
240
12
334
265
306
296
121
8
242
241
217
39
126
150
37
255
253
31
43
203
127
55
65
167
57
95
134
126
190
296
195
237
262
219
147
311
246
147
213
88
291
81
293
86
10
142
215
265
284
149
306
9
23
292
175
6
209
293
174
300
329
149
334
97
216
122
226
106
198
237
103
235
99
234
205
199
268
229
329
175
258
86
150
59
203
320
62
194
336
139
11
20
287
119
95
120
294
48
297
118
67
219
317
337
173
292
74
313
318
100
26
209
210
237
287
94
97
243
71
186
120
52
120
272
213
2
267
235
23
61
232
140
311
309
323
74
276
116
111
89
179
138
318
312
249
164
83
230
214
7
238
277
125
275
60
264
92
115
120
135
161
276
184
187
192
78
335
273
285
227
117
253
2
283
161
234
