286
228
185
55
21
285
230
96
226
83
100
46
65
225
261
171
37
249
126
74
213
153
265
16
73
244
235
90
78
196
226
7
154
134
55
162
78
277
57
229
64
120
180
41
186
160
232
251
156
55
223
144
40
232
172
263
115
134
225
87
206
239
165
142
62
26
215
24
189
70
69
223
178
22
60
214
5
14
192
158
72
227
91
138
187
86
110
81
8
286
266
59
64
160
115
11
34
282
124
193
108
54
197
267
218
235
247
238
93
208
130
66
203
286
129
191
221
90
262
95
4
123
197
148
127
189
234
250
126
64
186
72
59
21
133
209
97
70
122
130
41
92
20
129
241
81
183
11
89
56
8
275
239
223
95
182
268
72
75
22
83
43
71
125
62
136
276
82
177
22
45
208
258
79
68
10
79
70
131
72
83
126
47
192
247
93
110
50
126
283
272
29
275
56
132
250
104
3
182
187
232
105
265
63
174
84
47
19
184
78
236
239
225
114
157
255
6
7
281
190
4
210
252
90
111
280
274
174
62
45
283
95
165
32
217
107
234
40
72
162
213
70
204
148
93
103
42
246
229
215
167
8
79
221
202
89
98
90
113
52
121
109
107
157
32
134
150
240
88
23
87
102
222
180
236
15
217
7
139
48
78
259
87
211
93
165
45
