4698
1340 1501
1340 3797
1501 4334
1501 1437
1501 181
1501 3317
1340 1862
1501 4318
1340 1857
1437 973
3317 305
1501 2192
973 2073
1862 1242
2192 3142
4334 17
3317 300
4318 969
4318 4241
1862 685
1501 3131
3317 2740
3797 1262
3131 4325
2073 419
2740 2013
4318 2070
17 71
4325 3186
1501 287
3317 4646
3797 3200
685 3523
2740 1258
4325 1977
969 2219
71 204
1258 1782
2219 2140
2070 1893
1977 4521
300 3865
181 1177
1862 4531
3317 4542
3797 2933
2140 2056
4334 3988
1501 2744
685 3726
1262 3116
4241 3981
2073 2157
71 3841
2073 1756
71 3757
3988 1864
287 3791
4334 1903
1782 277
4521 3634
3865 2609
3186 1620
2013 741
1258 4386
1437 2114
4646 2120
4521 1372
4241 1345
4531 555
287 2716
3988 3181
3317 140
4318 1517
3131 3779
3988 1602
2070 3765
4241 4088
3988 3759
3634 2881
1864 1291
2933 53
1857 1579
277 1130
1893 3361
1517 1193
204 2679
685 3450
53 411
411 2224
2157 2237
2073 3054
3200 1734
1579 854
3200 1027
1193 2491
1862 4588
71 681
3361 1119
3779 3221
2744 59
1782 285
685 3584
285 111
3523 3303
2219 52
1782 3644
3644 3388
4531 1391
3361 2979
3765 4065
1291 3490
3490 3360
1391 922
111 686
2192 3208
52 2960
53 1236
1977 3716
1437 1516
4318 4600
4588 89
3523 558
4088 4556
285 3431
2237 4688
2157 1511
3757 4151
4334 4115
2140 3702
2237 3745
1857 4487
1027 2310
1236 311
741 2215
3981 3447
1511 3608
1620 279
71 732
3726 1043
1782 4235
3791 1420
2056 4259
4646 2298
1977 4129
1782 1397
4129 3597
3597 2676
741 297
2740 631
1236 4500
3054 2249
3779 2351
3765 1564
1734 2769
3584 1072
1857 2482
419 4240
3745 2962
1397 1883
2881 2242
1437 3267
204 2125
1579 3976
2679 2539
2609 162
1072 4053
1857 4514
4235 3225
1437 4359
1236 1496
3131 2099
4235 3421
3865 1815
2120 3345
3360 3470
279 1825
1027 746
1193 926
4129 1272
4487 3206
3702 1919
4065 4393
3345 2980
3421 3053
3361 3783
2962 2193
1130 1799
2193 594
4235 1910
2482 2459
1372 2427
2310 2154
969 4567
1391 1138
279 4460
2249 2216
1262 4559
969 346
2140 4057
1340 825
1258 3035
1372 2131
1516 4673
4688 1639
3361 3543
3431 3372
4531 289
3035 2380
1027 2726
1258 3203
4567 2145
311 4000
3797 1357
969 273
3759 2413
289 470
969 2656
162 1970
854 2411
4129 2947
4241 1557
2413 550
305 871
4129 200
4240 9
1564 2386
1072 1135
2099 1662
3791 1872
2070 3292
681 2119
2249 235
3317 3821
1883 4534
3206 3974
3203 2203
1262 1699
1782 3678
2192 2017
1872 2547
2157 2922
2679 1187
111 3598
550 4251
4115 4606
2656 4421
2459 726
2237 3588
1193 910
4460 358
550 306
1177 3289
1782 4400
181 2349
3181 1537
2298 3501
1397 770
4251 1403
1862 3580
1193 1519
1910 3484
1193 3589
1372 3861
297 3786
1862 1105
594 1186
1242 341
4251 2408
1815 3845
1119 2104
1579 3842
4460 2826
200 3223
2215 1598
1187 373
2881 3390
4088 4695
825 511
3634 3096
2192 1447
1135 2468
3181 2836
2726 1279
973 4224
1279 4352
1579 247
1662 1888
4556 611
1186 3092
2073 266
3726 554
2073 2632
4688 146
3779 933
1262 873
3861 2428
4688 1118
2056 3246
4065 1234
2157 715
287 3522
3791 4227
2769 3071
681 4076
146 4231
4325 4535
1756 84
2386 2504
3317 2155
4500 2941
247 2415
732 363
1517 4543
2114 804
1888 2348
411 4217
2744 1989
59 3213
3303 3808
2547 2715
3421 1895
2716 1013
2216 604
3490 3055
4088 3212
71 1905
1272 1419
732 3793
4076 256
2740 1891
3793 3067
3861 4539
3071 620
3783 3032
746 538
4227 2749
3765 138
1893 3910
1602 914
1027 4503
2933 3341
3131 3466
1130 1555
411 3606
1242 961
2386 3047
71 383
363 1385
3203 3169
3447 445
4325 3524
3131 3149
2104 4017
146 3970
4543 562
4534 3819
2468 4636
2203 4125
871 4414
3221 2151
2215 3839
732 3953
4531 2850
3054 2434
1782 3748
1815 38
1105 2801
3303 3171
1910 1659
4334 3147
1193 2708
2224 369
285 3853
3447 1698
1517 2221
3644 668
3839 3334
854 2775
611 968
3067 3272
2380 2650
2219 3045
961 359
2801 1849
1662 4655
2679 3814
3181 2943
200 3867
4500 1962
3589 2745
4000 1089
3334 3191
1903 757
1105 1415
2962 4181
285 49
2017 331
279 1404
2726 221
2216 4633
1072 789
3584 1762
1857 1730
2216 1684
2070 3673
4325 2275
2120 1724
383 3577
3186 467
1496 1463
3634 1335
419 3790
1262 1798
2715 3009
3608 1673
2348 4551
1118 2687
3791 2888
2219 4548
2715 1406
1564 2038
2979 2509
3071 362
2380 2494
383 607
1857 4185
2413 4145
1756 4453
3067 3567
4531 3346
2216 4492
4151 4006
1864 2383
3845 184
4006 2771
2943 602
2687 578
3577 1589
181 396
1089 1943
789 1988
871 454
3186 4023
4185 3120
3842 4370
2249 1608
1564 3412
2310 2246
3598 1150
454 2576
3206 489
1883 3756
3608 3278
4076 2799
3793 769
3267 2858
3346 2284
1437 1729
1262 3725
2676 836
2155 1801
4531 30
1589 438
3120 168
3608 1065
2203 4337
2114 2488
668 722
2221 2866
1989 3104
2275 310
3345 3220
2850 67
3845 375
4181 4048
363 3720
3821 4528
1403 4030
3212 1542
2459 3077
4421 768
3292 777
3597 3344
84 891
2547 765
3092 642
4065 3402
3035 2891
741 867
1724 1307
1511 3354
3910 3250
2850 2457
1234 4295
1756 4596
2933 2829
2708 4247
604 3130
3334 4209
2922 2557
3390 662
933 336
4000 2138
3976 3664
511 4599
1639 4396
67 4223
4543 2209
1872 3256
4492 1605
3808 2931
741 2851
3334 2606
266 3081
221 2628
4023 3488
2459 392
4588 1710
1598 4454
2826 1389
1258 3904
2866 1937
4240 1690
1135 2410
1962 618
300 2634
204 1540
362 2241
1662 2400
3206 3286
3664 2251
2138 2416
2099 3665
2634 966
162 3722
602 3855
1242 2807
4088 2225
1910 2564
3213 894
2434 599
1673 133
1291 1336
1542 2746
411 3940
1262 1267
3861 2350
4209 4456
383 179
300 669
369 1338
4000 1818
4125 1109
4057 3036
1977 4541
3598 629
1519 3555
2947 2843
3191 4007
67 105
204 530
3225 1654
1027 978
3131 3277
3580 1213
1605 1577
1962 982
2457 2336
2038 223
825 144
2941 2021
3345 2420
1598 2162
89 2884
642 460
4057 2662
1420 3406
3953 1182
1447 82
1072 2520
4514 3198
3334 1269
620 1505
1989 2738
3286 4166
3388 1224
2408 3231
4487 1774
2947 1264
4655 3371
3346 3934
1801 3547
715 4419
3142 4417
1338 3832
4503 192
1888 4593
311 2780
2634 2123
1187 3533
1234 4381
1537 2620
3976 2394
2632 3990
836 4385
4053 4338
1891 2295
2237 1192
973 622
1605 3741
1577 813
1690 3473
4606 3625
4217 577
4088 1621
2123 1944
256 3109
3181 1804
3797 3637
1798 484
300 1327
1944 3639
3910 636
3786 3218
3598 2050
2131 4242
38 1813
140 3774
138 243
3814 1938
2609 4618
1605 1196
1224 3596
3198 1457
4548 2939
200 2550
411 2904
3272 960
2131 4180
599 951
1883 2286
765 3582
3976 655
2807 4372
1988 1179
804 4357
2242 2085
1234 3024
4514 1791
2155 474
3853 2517
2351 1858
3644 4568
4352 1971
4007 626
3814 4022
2350 1703
3292 3689
4487 3614
2980 4043
2151 568
266 1727
383 3156
2771 1482
3488 799
3577 1015
685 3370
53 2168
4129 624
2249 1760
3371 2896
2415 269
1519 1494
1690 4336
17 4615
1372 3605
3722 4100
3524 948
2960 2300
2348 4254
3596 2032
346 561
105 2189
765 1558
4528 2787
3797 815
2745 4332
1130 3977
538 3280
2298 3828
4359 2294
2780 104
1537 976
3904 450
4115 844
373 3667
4534 848
3786 1702
2410 1377
1888 3840
3081 4515
2104 3947
2620 274
3588 4200
4151 1450
969 1802
3555 3105
1557 2055
982 1757
1065 217
3371 1556
1130 1503
3940 4444
1262 2395
2242 2743
1264 3611
668 983
2394 3773
1494 892
2687 3279
306 650
848 1409
1802 664
1262 456
2131 1289
3940 2087
3588 1907
1801 2754
3147 1005
1130 1635
3218 4302
604 492
1013 230
1404 3468
1236 2811
2888 349
681 672
4100 2854
3055 393
3584 3
655 521
1883 3020
3839 1997
4381 41
3181 3122
1357 293
1937 1955
3673 3125
438 136
3828 2902
3759 820
530 1232
604 1817
3279 3964
2854 3709
3547 1380
2606 371
4600 4474
2021 3652
3279 4607
1864 3233
1519 4438
2386 3586
948 2737
4600 1723
2716 880
1564 347
2550 4004
3861 4669
4318 2832
662 909
3372 4493
1403 87
4129 2143
3819 1925
4242 2607
4438 670
3020 2034
3934 1630
1482 1520
1858 1207
2400 644
2192 1593
1556 2806
1404 2790
922 2043
599 3571
1542 4160
2746 1629
891 2322
300 2648
3855 3242
4023 979
2351 3937
668 3069
2576 3696
1556 4424
4396 992
4542 4504
4607 2660
1264 2732
2294 2176
3988 1011
300 3004
4414 3556
181 643
825 923
4000 4448
3652 1682
3625 1333
358 2521
2468 2264
3953 3954
1883 2861
2962 3409
4456 1544
844 3636
3797 1398
3791 462
9 518
3774 546
4559 2387
2119 3914
4352 70
1557 1967
2933 2968
4633 3694
3371 4354
1236 3185
3555 4433
1888 4663
279 3899
2509 4467
347 3675
3523 1431
4043 3955
1013 2374
4515 2474
3256 4299
82 3785
3278 742
2769 539
4588 384
1289 4059
2576 3033
1629 2080
4359 4215
179 1478
4695 4632
1264 3139
454 1467
2349 1689
1937 936
3765 1216
961 941
2550 750
1989 188
82 1209
2264 3188
4048 1163
4057 2116
4438 1301
3212 4432
1289 149
4299 1880
4022 2970
4242 3173
223 523
4336 2813
3779 1008
1517 2204
1336 1189
880 3358
4424 4369
474 1331
4022 2938
3279 2078
2131 970
1540 3604
3722 2030
4115 3700
3412 4046
4606 4014
256 3305
2154 4610
2902 1599
3280 4178
2056 495
1505 589
2203 3516
2771 2865
4567 4441
1544 2431
1540 2926
89 3989
1336 3778
4655 1720
4200 1339
1291 1733
3597 2015
2387 4207
765 2254
599 4431
3625 3175
146 3901
3571 1203
3955 421
3370 522
1608 195
1727 366
1027 3058
643 656
2775 1897
662 3190
2896 2543
3233 335
445 3986
4223 989
2300 588
383 1889
3109 4055
4393 898
1179 1583
1938 4269
2926 3249
891 4665
3409 3248
3032 3245
3484 3551
1880 1488
2162 1835
53 3026
2866 906
1403 3780
1962 3624
2249 3883
1757 3659
1431 1603
396 1538
2854 1637
1943 1116
2348 784
4673 2048
3096 2318
2650 209
3696 3656
982 4050
1501 1229
4151 3230
3589 3013
1864 2210
1519 2150
2386 466
2468 3494
2960 3576
3104 145
1340 560
3759 3715
4615 977
1635 4237
2349 4286
970 2693
2832 1842
3390 403
3466 3907
1889 2274
2249 3210
3116 2161
618 1194
3223 3595
948 1634
848 699
4357 4363
2947 4422
209 1507
1397 2313
358 1472
966 101
3659 1909
1943 361
4599 4140
1027 1178
2374 2601
3596 3018
2411 4569
3191 2418
2968 4662
976 2552
3317 79
789 2631
3354 3392
3637 3616
4448 1022
3981 3781
3278 4249
4338 3812
2746 2367
305 1655
3883 584
2517 1530
624 4250
1380 4349
3883 744
2151 245
3303 2432
3791 1735
3624 1316
4454 3536
2431 132
662 3869
546 3076
3709 483
1608 3944
247 2615
2155 2473
4231 3512
4493 3585
279 1033
650 1235
1598 2470
3716 418
4140 2065
3955 875
2979 115
3588 683
1791 4581
4386 528
2693 1031
910 2067
3547 4320
2380 2897
3716 3428
67 2549
825 2088
3790 775
3883 3492
1507 348
4359 2478
1818 2014
1702 4206
411 4275
87 3681
4493 238
136 3537
2851 3679
726 3971
4053 2285
4000 1325
1207 1030
1537 851
3200 2644
3652 2798
4354 1265
2656 4472
1033 3829
1637 3803
631 3110
1192 2272
9 4558
644 4126
4209 73
1030 2838
4514 733
2161 463
3272 2895
2947 1341
4503 3031
2285 2587
1724 2574
3976 4288
1817 3164
3490 2972
4354 3098
2410 2443
1729 693
2740 3350
3812 514
1279 478
209 3613
3018 1933
3571 2953
568 3900
642 4172
484 3089
746 691
2660 3690
2420 596
3678 4576
1659 4575
3832 3697
3139 75
1216 689
4286 4121
3045 1188
1849 304
3748 4406
3220 3835
2162 2267
466 190
2078 3863
726 4464
722 2332
1962 3429
1659 1976
3522 4042
2048 1121
4632 1914
4059 4650
561 1051
3829 2903
1178 4512
2881 2447
3218 3666
3286 2042
2350 387
1976 3367
3198 3062
1116 4083
2168 2702
3188 1626
892 2736
4254 4473
209 536
3488 575
2310 3810
1398 114
594 3427
1976 2937
1909 1432
4349 625
4275 2265
3033 3658
622 339
4121 1045
190 2031
1723 185
4424 286
1505 2281
4646 905
741 2503
373 2786
1272 1691
2162 1994
4299 3817
3634 177
2708 3475
3171 2423
3537 3975
3104 2227
1849 3029
2726 2531
1802 1127
1997 3010
1988 2784
3191 1861
983 4266
3429 2077
3428 2262
3781 2983
273 927
2225 2872
3190 4281
3186 2011
951 1405
3989 3359
584 3314
3779 563
2547 2283
922 782
2246 2311
3904 886
1891 2794
2607 2720
3305 2721
105 4219
1798 1499
750 3539
1138 2853
4237 1487
625 762
2662 4052
3636 781
4400 4488
4014 1869
530 3417
3861 2360
4180 3376
1150 3750
596 3340
2242 1633
3571 301
2274 1160
101 3163
4338 150
1301 2869
2085 412
4043 3713
341 2132
3589 4103
297 3489
1118 2868
894 1297
2434 1927
4017 370
3470 251
2644 826
3681 3495
584 2152
2754 1753
3580 2586
578 645
1720 2121
3586 606
4488 1137
3914 56
371 2372
4354 417
3181 938
1505 984
1186 4413
2715 1292
144 151
3047 2977
2740 3583
2372 1902
3004 1748
3867 3012
221 1062
3188 1951
575 312
715 128
4103 2253
3900 1159
3188 879
274 1483
1907 1024
1910 1149
2926 250
2017 2442
2336 3550
2427 2220
669 2369
4646 2230
970 2640
2679 4261
1626 841
2230 1246
1403 2361
3495 3917
4688 701
3402 638
2143 1731
1895 3798
114 4355
287 4301
643 3271
128 1014
555 3165
4100 3872
4059 2575
4393 819
664 3153
3212 165
1262 2688
3783 3016
1813 1241
4055 1251
622 3575
2152 3123
3267 3215
2470 3714
2843 3743
2632 178
1798 3612
3666 2554
2253 4595
1024 3649
2620 2657
2509 3724
4370 1591
274 1107
1241 2335
624 1237
1897 739
4059 2976
3185 60
3716 3896
3904 573
3743 2370
4372 2477
1511 3295
3272 1892
2311 4426
607 763
1938 1387
3032 80
528 2862
1689 1208
1654 1055
3346 774
417 3760
3345 1532
393 4594
2543 1622
3773 3509
3580 2179
4633 1926
2262 4617
3812 1775
192 840
1179 477
3803 1233
4534 3152
3585 4545
477 203
369 1554
60 3511
2904 1079
238 3170
1232 2877
2274 118
577 3381
1817 2765
909 4411
1251 3298
346 2556
1970 3833
4207 723
1635 3422
4556 945
1463 2658
3484 4105
489 2289
2650 313
2904 1287
1340 1783
2080 4604
4057 3826
836 3001
2216 3630
4493 3542
4266 3467
1272 4155
3026 1039
984 3474
2504 2261
2884 3197
4548 1218
2253 1596
626 773
2423 688
3715 3692
3724 2919
2193 1772
466 4694
82 3680
4065 494
3035 1148
2162 57
3421 3434
2088 3044
3359 4379
87 3927
2738 26
2067 4118
4569 2626
1689 2452
4617 3834
339 4277
4105 2930
1608 2551
1409 4471
304 4282
3427 735
1150 587
1892 125
132 4533
604 1768
2140 231
359 1974
2648 1427
875 1652
4528 623
2087 4071
977 3043
2744 1361
3536 4435
645 63
2114 3508
4543 1078
1014 526
3428 4114
1639 1838
3971 2206
2431 3687
2716 2833
2350 44
3596 4658
3169 3235
4155 481
3667 3620
2119 2023
2410 1230
1463 4096
1431 3559
3779 3852
3235 2049
668 3229
474 1293
2556 4644
984 1610
52 353
826 2226
2369 4280
2740 323
1380 1068
1519 2810
4334 4550
631 2572
2786 2325
3988 3189
1629 3050
3625 2202
2267 3396
4088 4225
477 4315
4594 2146
3191 3085
4281 2169
3606 90
393 3669
938 3418
1051 4350
1137 1123
3808 2190
1341 3610
243 3432
178 1921
2494 3397
2749 1285
4636 1003
450 2625
521 1528
1403 2874
3725 2515
826 1644
181 2389
1768 159
1232 35
2962 1865
1291 4537
4185 3957
4432 646
2206 2417
4655 2126
3914 3172
349 4371
1558 712
642 3416
1532 2924
3575 1002
3872 4074
1602 1668
3900 1211
623 3982
4473 3323
1385 4168
1542 2776
1269 210
3360 3960
35 3811
1267 3931
826 4509
977 1
2221 3111
2660 4621
898 4
1520 1451
757 1473
2970 4497
3334 1215
2556 1879
2947 1705
670 1990
30 1819
4254 994
3341 964
2387 3594
3164 3338
4030 1261
1196 4214
4178 4470
17 2476
4633 1436
2140 85
3359 3150
2370 838
3690 214
558 3544
4473 2184
2410 1110
3272 1567
3556 4177
2336 3134
2221 817
38 893
3667 103
53 1911
2210 912
71 2892
644 2027
4121 3719
4632 617
421 2440
192 3395
4206 1827
341 676
546 1609
4581 532
2032 1315
607 4174
2549 2848
625 2240
1014 1273
1078 1095
3986 1413
2897 2766
274 1904
1520 3194
511 1379
2564 673
3803 1368
3624 4193
235 2500
3317 25
825 3992
1888 1455
2179 295
1944 3873
3111 3587
2264 2278
945 4611
2262 1826
2443 2358
3842 1375
3338 4625
2104 1631
2146 3628
3020 1878
3271 207
3524 3309
4381 1847
1654 2579
1555 1793
2564 2299
1731 2725
1554 1162
2877 2537
1327 4252
594 2342
1 4479
4600 4204
2360 3301
1024 4449
2787 706
927 1875
4528 1046
489 1453
1062 3958
1450 1448
757 1704
1888 3540
978 1901
277 191
2850 3963
1013 3918
3185 3252
1159 3369
4688 1370
3812 96
1014 3366
4432 1981
4071 1740
1003 1037
2933 4668
2625 3482
3272 2585
1904 510
2476 3393
4050 112
462 2279
4370 2870
2488 1647
2609 3049
287 2699
819 3844
2417 613
3867 3133
3669 4027
456 4319
1160 3073
3716 1466
3918 3661
341 1973
3305 1584
392 2752
1748 2593
1988 4589
673 725
4014 3410
2848 1364
1385 1700
4621 1523
3745 4481
371 1154
4479 4248
1339 4486
1211 4265
38 4489
588 4667
2962 531
563 1223
594 4482
2237 1077
2552 2767
1380 3420
970 1322
3152 1806
3726 2758
396 1424
2615 1788
3918 2510
2151 2739
210 1515
3340 1047
2776 2727
4200 3136
927 4340
1733 4122
2206 122
1861 593
1272 1244
3 1574
118 1170
1838 2566
2372 1746
3250 4571
4096 1122
2032 3877
3392 4137
2240 2499
3865 1443
2202 468
1179 453
1375 1486
1292 4671
584 1222
1791 1737
2011 4496
3067 1434
4065 3476
4178 1881
1842 206
1838 3531
1467 4647
2931 2513
3018 822
4006 1624
2242 3887
2904 2910
1799 2378
1194 4013
3172 3942
1895 946
3696 3857
3713 2441
1505 1993
151 1306
247 4208
79 3711
4617 2733
2554 3560
3197 671
2725 441
1511 4167
1432 1225
2947 439
4359 716
1523 2297
1858 1831
1398 3924
1424 904
132 3959
1385 4044
2938 2472
4400 3888
1267 3051
2476 1732
3277 772
3292 1253
4295 2177
411 2461
277 1161
3625 4348
2850 21
2073 160
528 3818
2099 3443
1118 4333
914 4024
4337 246
4207 3641
1189 3999
1910 1319
44 738
2798 3527
2746 1930
4363 1859
3016 806
2272 2449
948 270
2138 51
2868 3936
1691 4377
4646 792
4636 1839
1914 1559
4695 1663
2970 3491
3942 2569
3280 1172
1910 31
2572 3838
191 4150
87 1212
789 4516
1798 1268
3838 1504
3918 1736
3722 1365
4299 2681
2056 4194
3803 2757
617 2375
3054 3980
1733 2113
3665 3114
2043 372
4396 1906
3170 535
1013 2949
2225 1484
3954 846
3857 4601
4633 324
1591 1067
111 2035
522 543
269 2064
2897 2124
210 4437
403 834
3036 2376
2877 1084
2721 1433
596 78
1451 2345
3687 3006
3345 2277
2428 1205
4595 1300
3924 2481
1427 505
460 2975
1372 2830
1907 3378
4474 3407
840 2773
3165 415
2510 2223
1177 4271
104 408
441 1741
2220 2364
3612 4358
3828 1571
1704 800
4059 1812
2549 208
2452 4627
1377 639
2757 1539
3012 1132
4048 3998
2586 3967
2284 378
773 249
1911 2815
1730 988
1331 1248
4551 4029
936 4505
2358 399
3687 4511
836 3763
4265 2592
3669 864
4479 962
3468 3915
1293 2950
145 4258
1188 1695
701 748
3395 764
1267 381
370 420
3076 2290
560 2920
1268 4660
2120 3414
1974 3822
673 2207
1037 868
668 3749
2924 3433
393 1097
2411 557
655 1143
1993 658
1487 170
4539 1986
3105 2149
3696 652
1413 2779
1455 3261
1989 4384
44 845
1702 2010
4481 2917
1875 3727
3468 2396
4022 260
4448 999
4352 2674
3596 4555
1368 3310
3198 2529
3826 529
1319 449
1889 4186
1338 1169
2550 3573
2662 1755
777 3458
2034 3933
185 1042
1078 2742
2468 2175
80 3480
190 2901
1248 3830
4071 2880
2411 3379
1634 3182
3942 1239
3170 4525
1538 3728
784 430
1178 3299
4559 4645
3832 2756
2829 3820
3914 1438
2810 1250
636 1195
170 590
3248 1036
2367 827
3134 801
449 1441
4419 3461
2227 4291
2481 1087
3317 3259
511 1429
1189 908
623 720
4601 1395
3475 242
3542 3707
1919 3538
3410 853
4604 2791
3773 4188
1406 1957
269 65
2757 4147
1162 4403
557 1310
1539 2430
4071 957
673 3618
3020 3546
3937 2887
3934 2455
1339 3688
1149 4462
2937 3222
4422 2973
1825 3160
3725 448
712 3068
2395 2197
892 4443
1937 4068
867 2495
3301 595
3123 2292
966 3255
470 4210
3812 4026
722 3705
1760 1342
662 1468
4319 2076
2657 291
3888 264
3139 3528
184 2208
3580 4091
1379 3192
3417 4133
1530 2561
3700 3948
738 954
636 4307
2679 2009
1429 684
2021 1093
4210 832
1812 3514
1554 860
3811 3100
2557 3413
2240 861
4348 2856
1375 1706
1655 3912
4617 4630
639 823
3818 4360
3160 2995
1865 721
2030 3521
3461 1088
9 174
3980 874
438 4566
904 2167
1179 290
3185 1855
573 1683
2184 1641
3189 1439
3006 580
174 4312
2048 4108
969 1326
4235 1809
1291 3451
683 1000
1472 3592
1691 2425
1555 3569
2031 2929
1910 2107
739 14
4432 102
3130 2453
2203 3746
3781 139
3715 1328
87 4234
4206 3723
2858 1426
2609 3202
3152 3041
3748 472
1062 2555
3989 1711
348 315
2408 2961
2564 213
1559 427
144 4141
3644 2304
2660 755
170 2091
75 3526
3573 15
2779 1238
2452 1543
906 4230
4042 1508
3634 4524
3370 1843
721 275
1211 3985
2737 4564
880 432
2449 4012
4449 29
3999 682
4249 161
2601 2857
1517 292
3488 3731
1067 3127
295 3504
2555 228
2537 2682
4487 3878
315 4613
3016 2692
722 647
2930 1887
599 574
3583 4025
3873 1290
4000 1035
2499 3972
1902 1358
4307 4038
853 694
2107 3497
2279 2604
1039 127
2640 3281
4489 1493
2430 2617
403 1786
3910 3922
2662 3287
946 985
2121 1676
204 2129
2692 2571
3235 281
286 401
3001 3782
3963 4499
3344 718
1689 1916
2120 2755
281 2527
1654 2909
1720 2484
1989 107
1543 3529
543 1029
1746 2421
453 907
56 2616
1507 649
4053 1594
588 1497
1812 3441
846 2327
725 4459
3186 811
1420 4051
2833 47
1307 108
2131 756
2017 2627
2417 3506
750 1081
4053 2062
1122 1717
3427 1454
4145 1787
1880 1069
3360 3874
3242 24
2681 404
1825 1896
744 1656
1272 4445
63 1808
1927 1411
2246 36
1235 4154
2237 4491
1981 4346
4403 1619
4055 1795
2801 795
2370 199
2085 3804
1637 1277
4371 1551
144 4585
399 2677
2771 4110
1212 3651
4235 3091
3722 4527
4349 527
558 1502
2904 1026
639 2373
3618 2954
102 3217
1903 2147
689 1349
1654 298
3164 215
3249 1283
460 4592
983 870
127 1890
1287 2385
1926 2816
1826 1363
2848 1462
266 3353
1723 4408
3726 4395
3694 338
1806 2859
4479 2544
2070 2842
1516 998
1662 887
800 1133
2375 3028
3494 3945
4431 1145
4209 2127
4422 2875
346 2057
3221 2560
4014 4577
3901 3787
623 2777
2126 4659
151 2317
1732 3404
4516 3905
1372 2635
546 1581
3433 3849
1277 1446
3289 4176
1579 1421
3182 2229
1532 2244
290 4211
985 1012
4543 153
1723 1590
511 2238
2625 2122
2843 1155
1619 4602
3918 334
279 3167
1633 4656
4396 3607
1988 1394
2127 3174
4533 2605
3222 2553
4252 4040
1431 3701
3292 4191
2975 3879
4581 2315
2179 852
4521 783
1188 727
3047 2398
3614 4116
887 3419
372 345
250 791
2515 437
3427 2753
1169 4523
880 4578
2601 3946
1427 3455
741 3638
960 3572
2757 3916
886 4565
4207 2105
2662 3132
2146 1185
748 318
49 4561
1624 1565
4454 368
3231 4696
3431 3952
3940 2448
1717 197
2557 3348
672 4628
2902 1665
1735 2108
1774 3554
4424 2948
1045 2305
2634 4530
4302 3311
1819 1648
1273 1618
3203 3962
4460 2141
1593 4015
712 1313
4633 3086
1733 219
2325 3141
3281 4439
573 2174
3582 1521
738 2599
4647 1257
722 444
1842 1754
1365 4562
273 1524
2289 1061
1878 1134
694 2664
247 4583
613 1877
4012 695
483 4457
4051 2388
2640 198
4369 4311
4215 39
1838 4553
1648 608
3524 640
3715 1966
289 2932
2177 2296
1143 2270
3804 4485
2369 2558
1313 3671
448 714
2210 1082
1857 3057
375 1829
1438 4540
750 1866
199 2392
1121 2890
800 1738
3934 4263
1438 3836
2503 2222
3390 124
4302 2849
683 4345
1891 4090
3443 1696
2099 3693
2162 1417
595 4089
629 3088
3618 1588
341 525
3625 677
1827 2366
2246 4033
4426 4502
1145 3017
1205 2945
968 583
1237 2497
311 2180
2551 2081
105 2528
1116 4062
3369 2232
2660 665
2874 1282
1357 4495
438 4686
3756 126
682 3247
2244 1298
3945 4429
4548 3022
181 793
4521 3629
3 3436
75 1028
3560 1449
3580 3456
2030 3486
2930 1476
3782 2405
281 796
4126 1059
483 3316
1605 4216
2504 1181
578 1949
1077 3737
1012 4296
118 2809
4185 2994
3134 2194
647 3650
2947 3129
2192 2863
2481 4405
854 2818
1599 3234
4405 2518
2699 248
2745 4321
2862 3294
3693 2025
3122 4631
4210 2649
2274 1913
546 2562
594 515
2190 141
3975 2022
1988 2512
460 2271
21 929
1696 4329
2617 429
755 1311
208 3601
4656 98
1338 1509
2242 4293
1195 2466
347 3166
3571 1410
3658 2460
2529 390
4261 480
3402 1719
1119 680
954 20
1511 1856
2056 2619
213 1256
532 2683
191 4389
3918 2424
2551 4410
905 3751
1236 2978
4337 4649
4471 1677
2626 2804
1677 4483
4140 91
3111 1573
4441 106
2395 3674
3286 3993
4566 1125
2491 876
4435 3505
1883 3949
3576 3268
2145 3448
3608 2772
3032 1373
492 271
2264 1766
75 3902
1257 3460
4456 3183
2372 761
1145 4522
4282 4637
4613 43
2810 2308
757 1642
4611 3930
3371 1337
2816 2707
3713 2040
3867 807
3873 2654
3215 2178
390 2974
2555 2608
1097 4484
2660 2984
3972 2825
3832 803
2423 1465
3191 981
2979 4079
3649 2530
448 88
1872 23
3665 1846
1465 547
2180 3983
4315 1220
1012 356
2766 1764
3705 3282
3905 1206
3461 1527
1192 710
738 4316
3756 816
3053 1303
214 3602
650 1871
2945 3387
1196 2581
4048 2072
2850 3155
938 950
2973 3438
793 2795
558 1254
527 3848
3546 711
1282 261
256 519
4575 2793
206 641
195 3800
2221 4221
2512 766
3310 3237
1993 1960
3781 2084
2122 1007
750 2770
826 4109
3164 4476
3206 459
1194 1113
2224 4189
1413 3553
2631 3148
3877 4008
523 1701
1483 2426
419 4452
4219 752
4231 612
1633 3816
2654 3862
1089 4519
4485 2596
1310 2444
1292 1274
1028 1816
4521 2502
63 2728
2244 971
868 3776
1437 365
1078 3258
1943 3090
2481 2519
521 3686
2780 513
893 4362
35 903
3017 409
3376 3653
4419 4297
3947 2934
4355 3815
3587 1607
2290 2356
4240 2489
3096 40
3451 3843
1443 1371
2517 3502
1055 2109
2510 1226
3396 3744
1357 4418
1132 2684
992 3284
203 818
3147 1245
4337 455
306 2663
922 74
4214 542
3901 974
2242 465
1540 1471
535 28
2168 2097
2369 719
301 3809
2708 4518
2813 1661
75 2886
4346 2338
1738 4465
513 1959
1812 2597
4206 4373
4089 46
206 3389
3289 3660
765 3300
4258 3895
1878 395
230 1651
4667 987
2270 2704
4000 2781
1793 3082
974 3003
2660 2827
618 3973
3872 3083
4534 2988
3592 4169
396 1745
1379 2159
3456 1972
694 3048
3942 143
1292 4304
122 3758
1093 2730
4410 833
613 1280
4615 42
3131 3330
4325 1934
1542 3593
1652 3439
4593 3386
3785 2898
1371 1495
3047 1050
441 224
4558 1099
4178 2047
1644 3093
529 116
273 407
2443 385
2300 1350
1370 3084
1502 487
2244 2339
4023 3762
1208 1716
3003 2501
2512 897
589 2722
2209 3525
3450 1670
909 2103
4186 713
1539 1917
1647 1255
468 3668
3776 4331
2513 3739
3601 3349
4481 2965
2049 2611
1891 3752
347 2128
1588 3177
2926 3670
2627 2540
3641 1308
1827 4298
2888 3519
1957 4198
2859 1312
3572 3038
770 1388
3849 3643
1172 1899
2289 812
3624 4292
580 1832
689 1636
3185 1104
848 3496
47 3383
104 2412
2476 3140
3261 3262
1303 4415
3634 1851
1465 4159
825 3847
1861 605
1372 2486
2627 4080
207 1058
518 4009
2753 3477
1815 863
2909 1687
1972 1778
1301 2018
1446 3640
1003 778
1934 218
353 308
3998 1761
408 549
1630 3446
3035 4070
1125 1841
4606 2952
3616 3347
2476 4480
3280 2698
1337 1844
1455 3767
2891 4434
971 4614
3639 3180
4024 2101
3372 1707
1620 2670
4055 1259
1736 2545
2350 4303
3387 1952
3980 1309
2497 2258
2784 4072
2961 2321
4599 2546
1029 233
3344 62
1827 2996
4613 2465
3719 661
741 83
1883 1576
2126 1180
3150 751
1594 4461
682 2000
366 503
3547 4229
1291 2803
510 205
1865 211
3531 3764
311 4517
722 464
799 2160
2392 2188
3058 1284
1670 4608
2421 1146
721 202
3895 3846
3130 2276
4100 4056
453 4323
1195 3871
3980 1445
1966 3184
455 2390
2715 2399
4669 2263
2103 3805
3962 3273
126 780
4258 1924
2447 344
3817 1343
669 2100
2836 2990
2539 2729
4381 1383
3584 2407
2452 993
4334 2882
2827 3499
3295 4031
636 3530
1825 92
2897 3633
1576 4597
3628 3324
1543 566
643 3154
2829 3876
1902 3770
2903 632
1293 268
3036 2713
3371 1822
1815 272
3305 2706
3346 187
3975 708
2513 3920
3062 615
195 3329
3081 509
39 4054
974 4661
778 4664
922 461
3110 4199
2856 3718
2146 4508
2571 2595
590 3485
1555 1536
1338 3211
1000 520
2267 616
4601 3445
3559 1408
231 1266
4154 915
1216 3911
4297 3548
1256 3437
411 2860
4024 1625
1801 2840
645 787
3132 2433
4302 3858
550 2028
783 4073
4411 771
784 1010
2790 2993
3091 1323
568 889
1419 1657
4499 3201
1543 1513
3954 3682
4415 4383
622 2005
3433 171
494 3005
1633 4058
2057 3239
641 296
3010 4648
1441 66
3660 878
1008 2940
3829 3244
1495 3579
1061 913
3973 1152
2658 1263
3916 329
3053 1552
3416 959
669 3357
3993 1643
3497 4287
1089 3851
584 4490
3838 2061
4140 2514
3762 3059
3844 2233
3222 2665
1986 1985
111 1512
2930 3061
1224 1381
2543 428
2856 2273
3970 332
1760 1115
4160 1066
518 3377
4058 4382
971 328
3848 97
1058 2341
1072 1461
954 3257
4181 2831
2552 3283
2103 2280
3081 667
466 1958
4589 2694
1264 262
1222 3813
4461 123
4210 3034
1237 3060
4259 2966
4444 3801
3998 1070
2510 34
2184 1580
3267 4060
2787 1092
1847 3264
3975 3187
1264 1204
4575 4164
2529 130
1643 3534
4514 3276
1154 2384
1178 398
83 226
3090 4034
2021 3590
1841 3403
4382 2987
3937 2414
602 2873
4048 1201
891 1288
4395 3777
1065 3124
3543 355
543 3891
1476 2879
2692 1932
2799 55
1593 471
4338 1477
750 2479
1760 4407
178 3145
4686 3399
454 2316
4198 485
3702 3657
63 2905
2898 1800
1335 3591
973 1506
3206 1296
3460 3297
2978 3479
2616 544
1357 634
2993 4397
3276 4086
4437 2130
547 4378
101 758
2283 4107
2749 1660
1517 591
1311 1252
3350 567
2932 1302
3461 2247
3836 2800
4137 534
1042 4036
2868 3892
4299 545
1319 4270
2634 3014
3357 299
2478 2751
3133 309
1104 1613
1651 3385
3954 1995
251 4572
2076 13
2341 3008
3246 1935
4043 4203
1659 1025
2531 2703
3758 1982
1932 4623
3248 2997
2147 2686
1110 3663
1395 4285
1967 1400
3604 3622
4031 4081
3801 389
2399 2365
3918 4544
4122 3747
3682 610
441 1830
291 2568
915 3151
1710 1939
1244 4182
3508 3965
1473 963
4470 1399
4594 1052
1540 1199
3861 2094
2473 2724
3476 240
1629 3677
2791 402
976 2602
429 2059
1178 4165
4199 2359
1736 458
1982 2942
2349 3761
1504 1416
2488 2309
1909 4335
822 3481
2325 433
97 2506
1088 507
4177 1721
861 446
695 499
1453 2302
2141 1020
4265 3503
3338 2563
448 77
4168 2463
2716 2526
1613 902
1988 3578
1462 1491
4426 4213
4121 1587
769 4134
477 2812
4155 2397
3534 3978
1939 1781
3582 3734
2649 137
1145 4546
2922 4161
4026 3326
1907 2320
933 678
1706 3564
3255 3635
3873 4477
2262 4310
2708 3995
261 2622
1883 2454
3731 397
3723 220
1068 2214
420 1942
1005 3864
3982 2445
515 2319
2732 502
3777 2257
4291 4243
4230 1969
4216 2007
2983 2525
174 679
3656 4380
3431 2667
4137 4563
656 1805
2229 4102
4561 148
3127 1076
1504 1794
1290 4641
4482 3052
1239 4353
2818 3112
4462 949
146 1569
2919 4388
4429 4693
3310 267
4189 4309
2179 475
4242 1779
2240 2967
218 3996
1482 2074
3763 3269
2194 1460
641 3880
1544 2591
3203 2991
2553 3827
3134 1080
511 2170
2280 551
964 2004
3404 3703
547 1423
4145 730
1432 64
2606 556
381 3196
844 1100
24 4117
2815 2312
1530 1500
2813 325
2193 2352
2615 176
3301 3040
4659 1197
108 1743
2880 284
1283 3362
4053 614
273 4356
3084 3336
768 2016
2765 2236
4655 2989
4231 3193
853 1785
4024 225
4108 4579
1457 790
2127 3078
2216 877
4607 2402
4358 1601
2984 2334
1399 3889
4217 3408
1280 1863
1997 4697
2549 1360
1335 3632
3585 1868
4251 147
3272 2565
3591 2333
2599 376
4373 1617
3752 3691
3357 4257
656 890
2954 2916
3084 2019
214 847
987 3168
3396 1057
1057 2864
2733 1991
195 37
3017 2133
2258 1141
310 2490
2931 322
851 4119
3277 2337
1677 4677
1206 1348
4301 3095
3521 1165
4340 1016
3155 888
3477 2200
4027 1231
446 869
2132 2139
2184 117
3428 2578
2486 4536
1224 2217
2938 1004
4295 3315
366 2071
3918 166
4126 252
853 1708
3085 2330
2428 2583
2742 3382
584 3994
3262 69
841 3144
2210 829
3467 3729
2868 1474
1944 1114
2147 3293
2023 2944
3429 3037
602 216
3163 1021
1239 3102
4461 990
2537 1112
833 2734
1551 3444
3814 352
2509 3070
1007 2381
2296 3097
2904 3684
178 1900
74 3854
3912 3893
1365 805
3196 654
2299 423
403 229
1389 4179
2372 4501
475 156
3719 3227
2423 4018
2566 824
274 1792
2864 120
2294 2314
446 565
1579 294
4496 6
4470 1882
3534 4085
511 2331
4194 2069
3731 1922
3777 3118
2776 1769
3915 2986
325 2710
1337 3647
1272 1780
117 986
2283 3884
3649 2172
3460 4619
2390 2173
2482 996
105 2610
1088 734
117 276
4499 896
1785 2647
2119 4557
1786 490
2005 3885
2945 2748
4419 1129
3765 4152
4519 4260
649 18
2123 943
966 333
3818 442
1258 2487
3490 3570
3239 1713
4325 1797
2149 1638
2725 1751
523 3642
1256 354
1026 93
1890 776
3829 4245
83 163
2800 1469
4229 4552
819 3113
3102 237
2477 4609
4052 3987
518 288
1695 3401
1801 3755
626 2419
1290 3935
24 1649
4 253
1262 2462
2216 2357
4160 1529
3165 1006
2967 2391
3122 1796
487 2068
1662 3775
2716 486
557 1382
3691 4157
2203 1546
2660 2212
3077 1666
2027 4246
3593 4506
2608 135
544 2964
812 4468
112 2058
1927 2090
642 2603
3177 4682
2745 1679
335 3898
2740 3943
3650 1968
725 3875
1764 552
584 1776
4036 749
3892 3515
4471 2584
3242 2598
3081 4144
3711 4547
210 1128
2373 1386
1857 386
3245 4123
3314 3938
1702 3831
2130 3997
4492 1356
1622 842
914 3941
2721 4344
1516 1534
3088 1712
2227 2156
3970 3351
3144 779
2546 241
2628 1376
2005 1191
606 3683
4506 2580
708 548
1325 4078
2488 1442
419 4192
2318 4294
1461 2894
4522 2641
1410 4273
3971 3603
2030 843
3751 3796
3988 4220
1760 1221
542 2899
273 2567
1239 2404
3829 4330
4585 901
77 4657
544 2661
3427 2559
1863 3352
1381 1840
1170 422
2376 1324
664 2110
4013 2115
2608 3463
503 3025
1432 1227
4229 4279
4206 4327
2756 3176
978 2643
286 1550
2715 1742
3614 4698
290 435
2751 155
1620 3415
1738 1616
4509 911
3287 3342
3248 603
3864 2483
2192 173
2410 3626
1735 2268
1567 2712
336 3158
949 3333
3536 1650
1523 4430
714 4047
464 928
1778 4111
1783 3285
3964 3327
3164 1848
1169 4587
3129 119
3447 1459
3221 3472
3914 1632
3548 3457
3946 1681
1253 2082
346 1401
514 837
775 3137
429 1747
333 1685
1762 3204
3476 1367
1250 1167
1061 3065
4601 1142
2139 1749
3560 786
1262 2762
945 2971
1707 1548
4501 1299
2225 1407
4523 1614
20 2621
4356 2696
1990 1606
4663 2041
2143 4367
228 2666
3839 601
3814 3517
3164 4640
1398 3440
1187 394
487 410
3944 760
2830 3265
4000 508
2331 2659
3588 3721
4379 1009
2427 627
1298 4651
3482 2835
1287 3030
423 4283
3129 4684
3060 1174
606 3159
2574 3969
1659 4624
3649 476
3592 2234
1780 436
816 3313
2592 4093
1904 1510
4125 3462
1559 1758
2978 94
3047 1992
2223 1168
1711 1393
2462 4683
2145 2824
852 2624
1022 27
3145 729
3456 1948
3096 491
1924 263
2692 2117
1442 1219
3571 2324
3586 257
1454 1492
3943 1217
870 1773
2482 4045
376 564
1986 68
591 2436
4355 76
149 2451
1609 849
3350 1578
3277 4440
82 2363
1413 1694
2777 3903
3978 1850
1447 1485
3522 4513
2299 3108
291 4326
2225 1166
178 1759
2943 1083
2392 3794
247 1086
3899 2675
445 4075
300 3704
1838 2239
990 4603
1266 2508
1155 883
562 4066
3750 2963
3281 2760
3797 2672
1057 1330
4492 3850
1925 2969
4086 698
3057 3599
1084 113
3967 2142
4477 2797
2786 4153
3964 4183
2091 1106
2261 3654
2285 1158
4125 1876
4482 1526
1977 2329
3588 4678
4396 4187
3408 1653
1227 314
4473 2245
1326 2012
191 1604
2345 2633
2945 736
998 2516
399 3146
2068 3807
2358 222
1862 360
3204 2759
4522 3932
309 2582
2581 4681
464 201
1084 157
3043 937
625 2135
4055 2642
922 932
1316 1054
1831 3549
2387 2051
2384 1672
1259 3710
4488 808
3317 609
2120 416
3693 2006
554 3951
2770 3079
2712 364
267 2008
3588 3925
3154 4095
3055 2377
2974 855
1617 2612
680 212
4207 482
4386 4228
3920 4064
4265 3075
1179 340
2954 2533
3614 1956
1798 4019
206 2951
1393 1074
3450 2570
1780 1144
2440 3126
2968 3655
3352 516
620 2039
66 747
2753 1709
3040 3087
2749 1531
1919 4244
3317 3384
4435 2456
2207 3452
4405 2181
1466 2669
894 4087
3599 134
2662 4580
1051 2705
1244 2340
957 3788
4541 731
2949 3558
847 767
485 4570
1719 81
4417 1210
695 3319
3450 167
4117 3195
2162 4450
3674 8
2249 2532
3964 4498
3703 2036
3195 2906
1552 2998
396 2923
1020 1032
4 572
2416 2731
966 4158
4552 1190
474 4507
4348 2613
4383 4341
4497 1941
1115 4149
2040 1102
2444 2053
2799 1286
3223 2594
3387 414
4189 3950
2126 2054
385 2763
224 3742
2268 1562
2503 2590
2441 337
1115 1060
90 3860
266 953
518 2936
3820 2847
3604 307
3947 10
3664 1854
444 4653
314 2685
988 858
4559 2343
2746 1837
1054 4002
2236 1961
962 958
3644 320
1209 1680
4083 3754
4684 3243
4298 965
219 4420
231 1090
237 4475
3006 1151
1206 1752
2400 4028
455 4586
3267 2761
962 2306
130 4130
4194 3541
3628 1549
1934 2075
4102 3732
1961 702
97 2243
2892 4366
3432 4222
1868 3469
1307 1563
1447 2001
3524 2817
1663 3015
331 4317
2229 1983
2997 517
1328 2164
562 4238
2122 1392
3669 100
1100 1402
1631 2999
4216 3179
4155 2690
430 4675
101 2805
1773 4306
420 3064
3624 2429
1785 2889
3088 657
1203 4212
2197 1597
1734 2814
309 3454
2452 4184
3649 4136
4038 724
2620 3232
3358 2480
3232 2841
4408 3859
1218 1435
4245 265
60 4428
3995 3518
564 1464
478 3424
914 1354
2433 3435
724 1693
2209 707
3540 2885
1216 1586
1368 2288
2692 3621
591 1807
4110 4685
144 4032
2175 2782
4211 3099
3864 2655
3132 4376
4696 2789
206 4132
2080 1612
2961 3302
4564 1425
145 2792
1869 193
2833 3645
1508 579
2664 586
1367 653
2057 3909
8 2883
2546 4412
1461 3908
253 1346
618 2589
3112 3405
1859 2469
736 630
3377 3337
4563 1870
896 1171
2482 2876
2790 497
1082 1885
491 700
1471 175
1796 3119
3670 2714
281 2205
3160 745
2420 2409
483 1726
1901 3094
4030 2778
3129 1490
4123 619
2843 3400
2568 54
2059 227
432 728
1597 380
21 2083
4631 4104
3728 2788
3816 1803
2567 4339
619 330
3887 553
2929 1828
1849 4672
665 1414
2789 3046
2402 3627
3683 2796
2570 2379
2976 2535
1079 2323
1551 1321
2532 2668
1927 1320
2051 2346
2460 633
1613 3138
362 1811
1878 3442
1890 2911
529 2541
1672 2098
2340 327
4038 3991
489 2471
261 1094
1427 569
4359 666
4241 254
3201 3662
546 4112
2407 3979
760 3695
340 4427
2070 4289
1405 4364
2880 663
1666 4099
1060 61
4649 955
3049 1834
3543 2912
2270 4670
3246 2422
3091 1276
3668 3926
3447 4361
642 2914
1361 4638
4330 7
1702 930
1507 4278
2221 921
3232 379
4344 3868
315 3219
1354 660
362 391
4493 350
39 866
3876 709
4522 4272
4649 4347
1844 3966
3333 2153
4058 2927
2278 4692
1727 72
3814 4268
876 2165
2641 2618
141 2354
3434 1344
4275 1056
3360 2213
773 1936
2387 1359
1839 3802
3264 3307
1319 1120
2746 3332
2152 1131
4348 1965
3086 1918
2605 1140
2806 1017
4072 2785
80 3226
3647 1592
2814 956
1878 4639
13 1953
214 2636
1061 798
3044 4679
2386 3562
2883 4267
2510 3066
3300 2614
4698 4591
4562 2718
2331 1044
4504 2637
2357 2171
3801 4520
3729 3890
1791 1978
2791 1480
466 1535
1702 2981
1464 1514
4651 1270
2506 1898
1035 571
1116 3730
2145 1947
3337 1418
2705 1767
325 2764
3316 3368
3848 1833
2634 2653
2502 1674
1145 3356
3887 3464
3898 2362
636 3290
2863 4124
1199 1444
2658 920
1960 319
4552 2700
2773 859
4285 975
4382 944
331 4063
247 2266
2733 1103
3089 3565
4511 2691
75 317
799 1351
4213 3500
2706 5
1321 2507
3156 169
203 182
2555 2437
2443 2252
1698 2093
4658 4135
3099 1931
2510 3019
873 1560
3828 919
4108 3615
863 2144
305 3178
1241 939
886 3449
2547 488
115 343
1493 1667
1044 4170
214 406
2803 3288
2885 537
1145 1920
2995 2834
1373 2092
710 1124
3292 4128
2670 3646
3314 3823
3333 447
1395 4365
3257 4084
3026 697
3370 2112
1466 4148
3086 4314
1259 1940
4099 4256
3818 2652
3530 1362
3524 2918
242 32
2232 924
4381 4390
1414 2673
643 1845
2455 1198
975 2344
1503 3224
3778 2711
260 4573
4285 3007
3608 1117
1401 2063
2143 533
3664 4423
3368 2741
978 743
603 4351
1285 1369
2782 86
3458 835
4583 3532
1269 1595
4672 2821
212 3769
4032 598
265 3771
3598 1147
2262 3717
225 3228
801 885
2088 1498
2556 585
2252 4195
3653 1640
710 2182
3658 1176
2246 4106
2667 1075
478 2291
2991 3241
3703 4101
2129 1615
72 2228
319 129
1331 4598
4581 2435
4000 753
2441 1071
4610 1999
2842 3072
3452 4451
2848 3027
199 4082
3429 1744
3366 278
3726 3913
3354 2475
1534 2353
2075 186
14 3581
245 2498
3873 1750
74 3733
4377 648
3075 2033
3914 2852
1866 2523
277 2250
629 4404
3524 692
3412 3106
2805 597
1825 4328
3013 4654
3072 377
2607 2196
3048 1611
1103 1820
3368 4233
2356 451
3531 1874
2950 1329
2552 1281
3811 3042
4263 600
1021 2218
2252 1101
569 382
1674 2037
529 1456
4485 4590
3783 3260
175 4308
1145 3568
1491 2846
1398 3263
1573 1979
829 4226
2288 1126
2409 3465
1663 4138
1882 283
4370 1658
3250 2844
2827 2045
1875 3056
2249 1153
564 1686
2887 2921
847 2955
1342 3308
1204 4146
4043 1912
2161 2326
3267 3766
1232 2958
584 942
4266 967
2047 1085
2064 3919
1584 3563
363 1646
2392 2623
3349 1814
4186 506
3087 3394
5 4197
2704 1355
456 1572
4672 2839
3583 1275
2926 3254
2970 2307
1579 3101
347 1173
3204 1547
3633 1645
1504 3609
950 1725
1973 3557
416 857
1870 2678
1104 576
4508 4436
107 3566
4028 2928
270 4375
294 2052
495 4416
2784 4560
4581 785
3505 4139
2920 3398
1602 1894
1665 3199
2844 1063
4263 3291
1548 4016
4188 1853
3885 4035
1885 1553
235 1278
1148 4313
410 4425
2389 4218
2868 357
472 3343
1281 2900
123 4201
3124 4463
695 4236
1631 3784
2868 3870
3439 1908
3279 2695
3349 3157
1424 3304
3437 4131
1586 1963
756 2450
2519 189
3703 687
663 3753
3020 3825
3400 4676
3077 3881
509 2946
2519 4274
3230 4494
4513 4205
2109 2118
2591 3128
3586 2697
920 3561
698 628
1355 2186
3694 991
4385 2371
3105 997
1920 4255
3948 2231
2381 2158
1827 426
4403 3205
1657 4549
1787 4067
1567 3306
2991 1718
1704 4342
3640 3619
376 2259
1303 1928
2239 1823
3540 4324
4382 3320
1062 3251
166 4652
1616 3335
4114 1627
4280 2183
3323 2255
3192 1001
4649 737
3654 3364
3691 3135
1306 2235
714 4300
4304 2106
1531 3736
4016 1334
1641 704
3152 4446
752 4643
1769 3520
627 1452
595 2467
3704 2878
989 1675
2883 947
715 1765
2572 2925
1069 1038
3155 4691
31 3866
2478 1183
1855 2820
1879 3331
2769 1996
1851 4605
3176 1164
1452 3063
3014 3000
938 3956
3164 3735
2831 2573
3963 1697
309 1763
3173 2439
646 2401
3726 3493
2885 2828
908 3080
1662 3209
2637 4049
2331 3799
4292 2511
4282 4239
2733 865
2506 452
2334 2287
1237 4582
4012 4392
1927 717
2075 4120
1474 469
3822 1260
2640 4094
2021 501
4460 2293
2097 1384
4177 917
3129 1428
3420 1771
2603 3600
1333 1777
332 524
3263 58
1439 3074
2756 4190
2746 2260
1244 1396
2589 1390
805 918
4141 2256
536 172
3481 342
354 2689
3047 4674
2465 3365
301 3882
2320 4391
4349 759
1056 1481
3499 1664
305 3498
4585 431
558 512
2739 4689
2108 1049
4392 2368
2581 1111
4491 1722
2716 3552
1527 940
57 1923
1943 2029
3976 3478
2284 675
4110 3685
2753 3698
2755 1184
1666 3617
1263 3426
594 4398
1521 234
631 3328
38 2837
4578 405
3604 2024
1485 2446
3895 4171
268 16
3255 3318
2012 131
2771 1214
2017 3961
2529 3117
2545 1541
3461 1678
3489 2577
3867 2485
583 400
1278 3738
3090 4402
1609 1374
4476 109
2610 635
729 1975
3440 413
811 2403
383 3374
1667 3740
3088 1522
548 4584
2526 2406
2625 3039
169 3545
1861 935
3435 4368
3376 4001
3381 1671
4490 1347
2074 1378
3682 194
3746 2717
4395 1458
3555 1669
3294 2044
3671 4387
4511 2548
927 3939
1577 498
515 1915
2351 3430
2210 1945
4649 4305
419 788
2116 3236
267 440
3731 2195
4459 4069
2950 4173
2374 1790
3025 2148
288 152
3991 4264
684 1984
3452 3471
1415 794
1506 1228
2757 4077
3314 882
1484 3897
3431 19
1212 2992
737 2935
2748 3011
2635 3712
266 797
4531 4092
194 2680
4108 4622
3331 4612
1227 3923
3337 2026
1044 4401
1844 2709
3616 1954
759 1479
591 1318
229 2086
3989 2855
726 1810
2430 3322
4270 899
3484 4690
1855 1353
2731 1489
2340 2096
177 4399
1567 4039
2710 3984
1610 1041
757 154
4415 570
4014 4478
4474 99
882 2982
2793 1566
291 2600
3736 4343
958 500
2847 1886
991 3253
3751 3921
1944 425
99 2301
2312 559
4317 504
3434 1366
1052 2867
2383 1561
463 2638
1865 900
3288 2003
838 2496
2415 637
195 1247
897 3824
4547 2102
3488 2060
4432 2328
132 754
4602 2355
4578 4163
4203 1019
1488 3339
358 2137
4511 831
588 4554
1287 2808
4261 4061
1326 303
4471 2191
2421 2020
4691 1023
650 856
472 1728
3748 183
349 4098
1509 3459
1705 2957
2184 1980
1464 1873
3294 995
1687 2505
2978 2538
704 4011
1395 2534
309 2783
2881 2522
2737 1422
2789 1096
3844 493
2617 1034
2847 2493
1596 3023
1658 4634
2593 4469
3197 2163
4377 121
3455 2542
3555 703
4592 3699
3551 3107
4188 2750
247 4455
3883 3274
1750 1884
2882 4458
3950 4284
521 1040
996 3672
2424 1570
2324 1053
1488 1470
3858 3968
2744 4041
4607 3207
4100 1692
2627 1295
1083 2066
2828 3373
184 2393
2088 2089
610 4532
2519 2915
3077 1243
3933 232
3944 3002
3751 1568
894 3507
4536 541
452 3648
387 581
449 2438
2842 2347
3298 11
2007 1108
3070 925
1350 2458
1049 1950
4043 2819
1661 1824
3742 884
1955 2248
369 4143
447 4037
3152 4526
2194 1136
2299 443
3729 2985
942 3115
3056 3706
3852 326
939 2199
1655 4202
3653 3162
223 1304
2575 3391
689 4629
1055 2629
2757 259
1974 255
216 180
1751 2079
2813 4020
2681 1770
1498 809
4594 3275
2140 2768
2537 3453
4621 1475
2904 2166
3799 2136
1122 4635
42 4626
2338 473
2238 1240
955 3238
482 3772
2656 4262
2878 881
1726 4003
4448 3312
4498 3789
1773 972
3619 3768
4573 2719
2675 3510
412 828
3607 821
3117 1852
2147 4574
322 674
614 12
269 4162
3271 2492
2289 4687
1830 1715
394 1314
729 2845
2612 850
2961 4142
35 1018
3785 2185
3700 1139
726 651
1114 3535
2085 814
760 280
1971 479
1842 1294
1873 282
2294 2187
4624 434
3019 1440
2790 2536
222 496
3412 3631
3084 2588
2469 1430
1732 3363
277 3143
1848 3806
2159 3574
4155 2774
373 2671
419 3270
1645 2282
4494 810
1959 1545
1544 3708
4063 50
3050 22
4397 1946
3905 3103
1115 1412
1391 2630
2366 1623
3751 374
3460 1600
2811 2822
4553 239
2310 2046
397 4021
818 696
4481 457
2636 424
278 1200
3587 3214
1757 862
1624 2645
2142 1533
2659 1518
4366 3928
2887 2095
2598 4005
1325 388
2245 1098
1062 1175
125 4447
1642 1860
3699 592
1473 48
1111 244
3817 2893
1885 872
4585 2382
3665 1789
3203 3380
4323 4529
4164 705
1017 1048
3274 4394
2425 2907
185 4175
599 3296
4656 1836
1668 4276
4484 4097
3246 3321
4255 934
1924 3240
1192 3483
2318 1739
4055 2913
1837 1688
4435 1964
3823 4010
3640 2002
2784 2211
3588 2908
617 2701
1025 2269
32 4374
2675 2201
2588 740
2834 895
1306 3886
363 659
61 1271
755 4196
776 830
3669 2
3439 3513
2858 839
2266 2959
1331 3906
136 1332
2071 1585
1877 1202
2596 2639
29 2723
1704 3325
4069 1929
3632 158
780 3929
1334 3021
3839 316
2582 4409
662 2464
1460 3856
2811 110
4017 164
4453 4442
52 367
1757 4127
4055 3837
909 4666
2946 3792
4157 1073
4566 33
899 236
379 4232
447 142
1752 1091
207 3375
1150 302
1176 351
1689 2646
1607 3266
4269 3894
4227 1157
1686 980
125 4538
426 1628
561 690
1728 1998
198 3355
923 2956
3278 1575
1872 4113
3728 3411
2955 2735
3010 2802
3614 3795
312 4642
1601 1821
3795 1352
4116 1064
997 4616
2376 4510
3534 2524
307 4156
2255 45
336 3423
2159 3676
1778 4466
3286 2303
1172 1525
3423 1305
4356 3623
2555 3487
4544 4253
137 258
2063 916
2024 540
3944 95
1838 1987
3989 2198
4678 2651
4286 802
4310 2111
3942 952
1542 3425
4303 1317
4596 621
2194 4680
1421 2871
4 4322
2715 4290
3287 2134
1448 4620
4694 2823
4588 582
1181 1867
4045 1582
1831 1156
2175 1714
2963 3121
2960 2747
494 3216
3199 1784
3713 3161
2559 931
1996 196
50 321
988 1249
