5000
3477 2366
3477 3667
3477 262
3477 1594
2366 4412
1594 260
2366 2055
2055 1420
3667 1073
1073 119
1073 4451
1420 291
2366 406
3667 2111
260 3193
260 821
1594 2086
1073 23
821 2421
23 2954
262 2893
2421 4408
260 4371
2366 3646
821 2700
2893 3130
406 4652
3646 1074
4652 1426
1594 4158
260 3245
2366 456
4451 3912
1594 1676
291 1465
821 2584
4451 1546
3193 3145
1676 3931
291 538
1073 1425
1074 3687
1425 467
3912 1951
3931 3077
3145 2490
1546 331
4371 2473
3245 355
4408 739
2421 1447
2584 1236
2893 4140
2055 394
1073 4041
2055 4556
23 913
4140 1209
3245 1997
260 4359
1447 3797
4140 1324
4140 4322
3130 313
4359 4988
2490 4
538 4329
4988 1026
1951 1049
1594 1353
4322 2541
538 2205
4652 4082
3477 4905
331 4687
2473 4298
4451 1462
2086 4274
260 3167
1209 769
4408 1138
1049 4207
2473 125
4556 3563
3931 2138
913 3849
3245 3808
2954 2947
1447 1339
1546 3021
1420 1407
3130 4792
3077 4436
1420 499
4905 421
4371 3831
3849 4215
3687 2831
1049 1651
291 2583
4556 4117
3831 1636
4988 1446
3646 3367
4 1400
4371 335
4082 2149
4158 3533
1426 3376
3021 277
3245 3283
3667 4596
3533 2997
538 481
3477 3096
4596 3840
394 1907
2366 2656
2421 1055
4436 126
1465 257
2055 4956
1636 822
538 875
125 1530
3193 2272
4988 1334
3646 414
481 732
1400 2722
277 1210
4215 3216
406 1506
262 4277
414 4267
414 591
335 528
3145 3776
4988 3815
1676 2102
591 949
277 2891
2831 4050
3797 2123
467 4300
1636 1918
3376 1172
4117 2480
481 2198
499 4001
1907 1343
1407 2704
1420 4908
3840 1639
3808 4758
4451 2384
257 2523
4988 352
3167 223
2700 619
4956 2859
4300 3546
3912 2241
4329 2397
1651 1551
1551 1249
1551 2296
2198 466
119 3183
2704 4105
4905 4143
2490 1336
126 981
4988 411
499 2118
4322 704
3831 1005
1636 231
4274 2303
3667 1991
2480 3427
1210 3883
23 4726
4105 4841
3477 4047
4596 3092
3687 2974
4082 1013
2722 1380
4 3372
949 1673
1249 3809
732 2437
591 3299
2722 2413
1636 4979
3096 4545
406 2259
704 837
2259 145
352 2398
4047 1961
257 1845
125 204
4359 4403
739 4778
3376 1179
2947 417
1426 1811
3912 3507
3808 2747
1639 131
3167 1435
3667 2960
131 4458
2272 4484
2891 1468
406 1746
949 2140
4758 965
2140 382
2140 2320
331 4046
4403 377
2384 3805
3776 471
4778 3085
1400 3487
769 1207
4041 3306
1179 397
421 668
4207 751
125 1893
2747 3904
3808 4355
3245 4819
4300 3151
2523 4565
1207 1847
913 4997
406 1360
2947 1736
1324 2828
1074 3255
3883 3973
3667 194
4565 3829
1055 2367
3546 2242
3193 1671
1651 1472
2997 2791
2140 473
3507 2356
619 3097
3646 3656
3183 1769
4412 71
4267 2978
1594 3441
1138 1111
1207 1632
4908 927
2259 3268
231 2064
71 2861
2421 4882
4050 1718
2138 3887
4041 3313
1673 431
3151 3331
751 2640
875 3577
145 4271
2242 4432
2413 2404
262 3033
3656 4118
821 4877
4267 99
1249 1559
2974 1022
3563 2152
3912 1810
3831 3501
1746 1650
822 756
668 3107
3167 714
2397 1395
4118 3798
2997 1953
119 270
2413 3380
1718 2343
1997 963
1907 243
421 1548
4556 4631
875 2570
1847 3002
3245 3929
3798 1006
1997 4697
4652 3920
3376 2450
291 3396
2397 4066
769 2131
4359 2110
4697 3432
1435 3102
1236 3344
1005 2968
3306 52
4841 4675
4300 242
4355 3584
2064 4741
3096 4023
2831 4342
4565 2338
1639 1797
2960 1986
2978 446
981 3007
2343 2613
4841 2042
3145 4941
4408 2160
2118 2707
3096 1238
1551 4487
2704 2053
4882 3461
2241 1917
4140 4776
231 1362
2042 4782
751 1243
2111 2537
335 556
2118 2776
456 3604
3102 1241
1022 3671
3904 541
2640 1086
1425 2940
821 1838
3441 3843
2160 640
1961 2459
1997 1403
1548 3403
4140 2899
377 707
707 3868
1472 2529
4300 1077
3167 35
421 2502
3403 719
2110 630
1811 1094
335 2046
2791 4836
4207 4281
35 2956
3145 3363
397 2255
1951 4490
1811 3232
963 41
3563 1762
1380 3688
2397 2078
2997 3075
331 4387
4941 2016
541 3498
3577 135
4207 2528
1468 3450
1810 2798
1086 3638
2255 4975
2997 2857
3563 1583
231 1576
2798 94
242 3839
3546 2546
3183 3758
394 133
1651 3680
3075 3909
2131 485
3245 2855
3002 793
3077 713
2042 3699
1446 2935
3299 3760
2259 1716
3102 4107
591 1708
640 2984
2160 435
2541 4193
2450 697
3776 44
3839 4866
1138 4736
135 4582
1530 1952
1362 3901
1400 1039
3546 494
4118 415
4997 252
3688 4784
1039 2197
2140 3402
4143 1102
4792 1214
4387 187
2541 3695
2320 3264
1718 2983
4565 2344
4082 3426
3646 2993
2140 690
2197 2505
1238 3204
2437 2689
125 20
3313 333
2891 4166
126 263
2404 813
333 3170
3170 2243
1447 4753
1343 1964
2700 4780
2102 285
394 2109
331 62
3498 254
4908 859
4105 596
4432 3499
2320 4872
1086 1012
333 1136
1953 3761
125 3764
3760 2199
3077 1995
1551 4144
1039 2497
3646 729
3604 1859
204 1281
2704 3385
4298 3675
630 1527
859 1808
4277 3556
3107 1593
1546 3753
2413 938
4140 4318
4490 2390
1953 3759
719 3188
2102 516
4046 3678
1952 4135
456 4491
252 4288
2570 2208
793 1795
2086 269
2078 2265
2109 195
2367 3371
3849 503
4841 3180
2241 3966
4872 245
2255 919
2384 4893
538 2530
837 646
3499 3877
4545 316
3973 695
1236 1977
541 3856
3167 3061
3245 1773
4143 4346
3372 2617
260 3864
2102 2326
2617 180
3759 4732
3085 1367
3507 2925
1708 2987
313 2705
1548 3935
1810 1308
4792 2472
751 4026
2722 2281
2265 518
3151 1976
3331 2193
3808 3740
333 3702
3920 4048
4144 1160
1324 4448
640 2239
3183 2730
4082 3937
3498 932
3856 778
756 1578
3840 2036
1209 3684
3556 2401
1576 1240
2131 1853
1049 4774
2490 4530
1339 3022
4530 1379
1746 3946
1022 320
1991 3994
2656 2607
333 33
3002 2692
821 3332
719 2040
2472 4224
1400 2949
3973 1934
2983 4238
3204 1855
4118 4151
3684 3554
3268 3048
1736 3865
1209 3357
719 4057
1773 1384
485 4039
4979 3106
739 274
3829 175
1086 4361
3077 2596
1907 463
99 1799
3909 2536
927 551
3450 502
263 482
2791 1
2502 2264
3831 3340
2617 3719
3376 4449
3357 3369
2366 4739
1576 3448
4193 3209
1853 191
4491 2922
4908 2982
3306 2808
4753 4594
2281 3885
1578 1783
2472 2031
3699 1332
180 1009
2940 3378
277 1169
965 439
4151 3345
2102 1352
3912 1729
3372 1186
3973 4616
4792 4654
1102 228
1447 4945
4281 2823
3022 1568
446 2021
3022 4174
2110 4708
963 4437
591 862
2940 3608
875 4773
3760 4821
4736 2276
2401 2657
411 3735
4988 4607
2320 1572
813 2783
932 276
2016 2929
3151 28
1952 2971
3306 1770
2208 727
2857 984
3735 4871
2198 2092
1360 1592
2208 663
3937 4405
2016 1101
668 1079
862 3443
4739 3243
3759 346
4596 2374
2929 3694
316 1749
4675 2892
756 2683
707 4223
94 2279
2279 1346
252 4967
1527 3457
467 4510
984 3738
551 398
4047 642
4039 4197
2384 2549
1005 1161
2791 3202
446 1894
4432 389
4726 84
2892 4326
1551 2849
4594 189
727 1505
949 1153
1783 1260
2473 2724
963 3410
2993 2524
2849 735
3740 942
2064 2565
3170 1573
1651 2387
4371 258
1384 2913
4941 2309
2152 3648
2086 1382
1593 3
4326 2376
2152 700
3973 2811
3002 402
195 3050
382 774
1551 2298
1810 4145
4281 4031
3808 4279
1153 2587
3909 2878
2343 1653
3007 3014
774 1545
630 3194
2878 4110
2398 3620
2296 2097
346 4390
640 1920
2640 4476
3245 1007
335 3750
131 2493
2086 3998
4143 4074
3061 255
1005 4191
471 917
2149 4578
3145 873
1671 2364
3840 404
1769 2324
4979 3199
1079 573
1920 759
2523 2945
3885 3172
4031 3572
4893 4014
397 1490
4841 2302
1545 3925
3283 2887
3022 576
3048 396
1238 2094
3694 3471
4780 4171
3901 1640
3849 1429
180 2139
3843 2593
1953 3459
4877 3804
1568 2685
1551 3813
4545 1680
1636 4891
4215 1792
3577 2002
1 4089
3194 4743
1435 4343
1650 2430
2689 1437
503 3733
2541 2422
3901 2677
1995 1310
1917 4847
4371 2250
3554 3349
4708 2594
3371 2113
180 3803
262 2494
4484 3709
3931 2271
4031 407
2613 4826
642 1909
3130 3250
245 4918
4322 2329
4997 341
1324 2714
4891 948
4322 3352
2016 3001
3313 533
2276 3780
3268 2067
1094 4334
2607 3138
619 2574
4784 3576
538 2034
2997 3327
4675 2365
4346 1164
3048 3484
1673 4002
262 4200
274 1652
331 3932
3904 2417
269 2696
2960 1514
2892 3244
516 1843
257 1782
3877 1228
4279 607
1382 4027
2199 2723
1086 343
1435 304
3096 1494
417 796
439 334
4821 1560
2849 572
260 213
1548 3479
873 318
4342 3103
1573 1790
2997 3781
3349 261
4140 2476
690 4603
3367 3549
528 3256
252 943
2723 176
1636 1922
516 3295
1592 4128
3533 2711
94 1886
4432 2609
2831 768
2960 1793
252 671
1380 2790
389 2014
1 870
4708 3253
389 742
938 4037
607 4176
4342 4865
3188 4903
3385 4889
84 1979
2271 854
1810 3465
396 1895
2320 3748
1853 3311
3831 4969
4140 484
473 4641
4732 717
3931 2871
2397 1257
938 845
4082 1112
485 990
2899 3065
52 3252
4277 4614
845 3399
1336 4709
254 4547
377 2995
1210 4354
1769 1876
2437 165
2324 3913
2138 2079
3966 578
2338 379
671 755
2021 203
3376 580
2042 3224
1934 1890
4905 224
499 149
3457 1675
4145 2827
3554 944
742 1608
149 865
4144 1193
640 3736
2524 477
990 2083
870 121
2722 4391
3224 4619
2528 3317
729 3562
4318 3964
4732 170
3252 4065
1336 4528
3050 317
3077 3632
2747 2486
4782 4896
1782 2738
397 2024
2250 3458
2320 2022
4905 4977
739 3147
944 2875
4277 4225
4387 1327
2398 1044
341 3062
2364 3915
4784 3631
3667 2
2309 1307
4174 3962
1160 2535
4865 1127
1783 4551
704 1117
1117 891
2366 1089
1127 1765
4556 2192
3427 328
335 2147
538 1787
751 4976
3327 841
4551 2805
2805 3425
463 767
2102 1227
719 4272
640 3957
2053 3835
4826 4754
1332 952
2309 3095
255 692
2459 582
3813 2965
2535 1492
1651 1624
477 1933
1808 1433
4872 3900
538 4308
3103 4102
2549 1409
2593 2678
646 2500
2500 4030
690 4086
4484 660
4041 273
1736 1921
2891 901
3748 1325
4614 4898
1101 3607
1307 552
3340 3857
1639 706
2387 2328
131 2816
1578 3950
578 2748
646 4996
3501 2307
1407 319
2707 3965
317 2998
3576 123
3002 1981
3608 3660
4596 21
1583 3181
4877 3407
4026 2641
707 3737
769 3019
2110 738
2683 4887
2264 4299
4329 4529
379 531
3864 3482
1307 1254
3345 4457
3482 2394
1762 1668
2956 2516
2574 1267
965 4954
1160 2213
3369 2635
4889 1455
1573 3248
1462 1985
3245 4712
1981 4344
4117 2727
4048 594
1492 3171
1407 3236
1765 2458
3719 4149
3264 864
261 2410
1327 3598
1934 2122
3378 1629
4753 2293
187 676
1494 506
4578 4870
2685 1880
3399 1473
572 765
1310 4719
3245 4382
397 1431
3840 347
2849 2877
4355 2373
4652 2219
2123 4915
4819 4302
2293 1103
4436 3744
3920 4015
4145 3617
646 376
2053 2804
2 3969
3022 992
3687 2491
1073 1557
1951 1174
4819 4411
3107 4314
4616 3610
4174 4955
3912 3417
714 2077
4997 3668
4841 814
3048 2382
2940 694
379 4301
1492 275
2524 3394
1894 4860
62 2475
700 3778
1933 3207
2024 207
3471 2709
1505 2202
859 90
3699 2101
304 3907
4908 380
2404 2695
873 1427
62 3249
2421 3959
1640 2943
3950 327
4151 3360
3695 2020
482 2233
4891 2409
2640 2010
1514 2866
2683 4610
494 710
1360 2746
376 4557
2692 1526
1013 1263
3248 1033
1675 4801
1074 2133
3477 4837
3007 3777
4675 3039
2264 2856
3808 2525
4436 4506
1810 2591
3675 1259
875 432
1074 4894
3327 1860
4530 1115
3402 4769
3450 2650
4448 3586
2255 4912
2892 1205
4015 1956
4712 1660
90 2863
1433 4103
2002 916
1782 2342
2092 1590
4836 1041
2338 339
243 764
320 4133
4065 3343
719 2733
3002 2393
4753 114
2401 1145
1425 4192
2022 4559
3695 629
3236 3205
2356 4005
4158 2189
1243 748
1810 4923
3459 4378
406 4786
3077 4489
3130 1756
262 13
873 3316
1762 4100
3479 1191
1026 3807
3443 559
4753 2547
4915 2876
4491 4055
3250 760
3001 178
4510 3846
2298 4853
2516 1786
1111 2600
3675 1538
1765 4569
4610 2299
2409 1696
1367 2759
4037 4671
4065 2447
2213 2739
865 3190
261 500
739 393
3668 190
3857 280
2617 1748
1437 2269
2827 1301
3699 1087
3425 4446
2034 1553
2505 3568
4741 4061
949 4686
3998 2071
1409 2121
3839 1309
4877 4456
1243 2658
4451 39
676 1888
1578 247
4066 1970
932 2676
2241 163
3188 3891
1671 1606
23 4017
1191 1015
3815 1381
327 726
2342 365
327 3775
845 3335
1782 4111
503 2295
4476 4856
39 2558
2891 632
35 1171
3846 2751
2828 330
4726 4942
343 4427
4941 4155
4819 491
1736 2230
343 2129
3719 4340
2398 60
393 2315
1762 1483
4887 2660
352 4721
4191 1438
3780 409
1429 3712
2805 3921
4050 4698
2342 2306
4451 2108
352 3500
2593 54
3107 4656
3849 4447
1952 3940
4997 3669
3248 1096
3232 3618
3204 843
3656 1871
2480 3838
2929 4886
913 2604
1327 4352
1583 3666
738 811
1438 4906
4039 2632
4171 2204
4821 3086
485 4818
3885 3771
3385 3099
3656 1959
1675 3228
62 2175
2804 3566
4355 3241
2978 3132
4449 4609
2086 1116
1455 3822
133 4325
3797 1919
965 2659
1526 64
4976 3573
2929 4380
3617 2755
4458 4678
2324 3644
2878 2441
717 1469
3618 3492
4302 4929
760 1698
2490 3722
2365 1544
4641 1408
402 887
274 1162
4923 3298
1506 2729
4405 1412
3378 2769
1810 1595
4712 4989
304 169
4697 1083
2078 703
4989 1819
1560 4924
231 3716
1015 1004
4105 2304
1074 3581
1894 3623
3007 2041
3340 733
3199 3412
3048 2605
3410 3400
663 3624
2971 725
1765 3951
3033 3834
822 4563
2705 2590
3638 1882
500 2159
2537 1069
1595 3637
580 2646
1782 3860
2264 1806
275 96
64 827
2450 4676
3546 4081
313 4783
4918 3622
3432 2489
2892 2719
2398 677
1469 385
2878 2750
3380 1989
677 1943
135 1165
2344 3314
1696 464
4354 2039
3216 1638
3202 3870
1847 2225
541 1311
2658 3472
411 3257
4118 2992
3417 1555
1164 2060
1427 1499
4721 1478
3145 1023
1263 1562
4954 66
2730 129
1997 2743
123 2615
4158 1467
1007 1211
1795 89
2493 1217
4905 2787
2123 2766
2281 2684
2591 3795
3805 1906
4697 1983
13 797
3598 1571
1548 830
1111 1068
2447 795
1301 3672
3678 3810
4774 441
4489 4850
2356 2882
482 939
2722 3823
2147 2418
4432 2898
1193 2844
2769 1397
1572 2132
3957 869
3840 1484
4193 3020
1174 915
3335 2195
837 4666
3407 4517
3216 4927
1555 590
3776 1661
1162 4707
3620 3387
541 3991
4594 4084
3920 724
4569 4494
3556 4399
4346 2663
4603 4087
2097 3570
1308 4433
551 3801
3443 3221
4736 1831
1336 4160
4224 4549
3106 181
632 3852
3991 2912
4015 3746
339 4319
4719 3727
3498 2261
3205 2379
576 144
919 4205
4783 4514
814 1839
2199 1788
859 972
3102 4737
3001 4345
2831 3749
1077 2076
231 4885
4514 70
3950 160
4298 3101
4719 2518
4969 3213
1041 2601
4891 1258
1472 3214
170 4194
1698 2503
4387 2130
727 4991
4371 2186
4819 2774
1979 4806
2296 3591
1559 3063
3778 2820
2086 2456
2022 3704
435 655
695 3058
646 2313
748 3654
4448 3157
2208 2383
2607 1424
411 3135
3684 4880
1360 1482
1483 1848
2397 2117
3170 1904
2175 1357
1638 3582
4408 3643
3085 3364
3039 3769
1981 1071
2418 3650
1845 2000
4545 3354
528 705
3991 3155
2719 1144
2055 1829
4194 3600
1165 1244
4325 1515
694 405
1427 3046
655 3640
245 3312
915 1609
1676 179
4433 4665
1162 2246
2014 2234
1433 2545
2743 3398
1465 3391
724 3392
1986 278
3492 1140
13 130
2304 4237
2709 4962
4326 788
2719 2252
1795 4480
646 1866
2689 1721
1446 4835
3546 372
1583 1733
499 4091
4427 1654
4870 2048
4193 1677
2239 1657
1651 3816
3343 3026
276 2718
274 1377
224 628
467 4401
4047 4717
2450 1834
2373 3416
331 4859
1179 1134
439 1283
2076 895
189 3032
3856 777
4698 2777
313 2127
2705 429
181 2817
3823 4222
3199 4820
3245 3454
135 2222
3236 3217
3019 1525
1447 2737
4557 1852
3387 2463
4225 24
2887 4593
1677 4499
1953 4315
1254 478
1636 4461
3650 4562
3648 2442
1382 1163
1573 3754
3500 2883
2401 3105
3062 3089
3887 4273
372 4218
1211 686
2024 4032
1572 1998
1377 3850
404 4980
4853 604
4753 42
247 3613
3306 4162
3951 2753
3007 651
559 4505
3394 1181
431 4284
3669 3661
1257 4079
3312 391
724 995
3450 3113
1909 1962
3744 826
3317 2037
2727 3114
1961 82
703 1532
811 3726
4847 4796
4726 2643
3809 17
4267 1385
3441 2917
3245 4729
397 687
2193 851
4031 2023
2505 1910
3694 603
3823 2178
4976 4526
1009 836
1639 4126
778 3074
3352 4178
4776 4356
1773 3185
4565 809
3840 1125
506 2057
901 1457
1506 4768
3643 1735
704 3779
3801 2745
3966 4468
917 4907
4457 2588
1538 1993
481 3122
703 4290
4298 1295
2877 4660
3638 457
2476 588
1353 1755
2859 4235
3951 1764
2160 4742
4593 4328
3477 1875
3965 2353
1590 3337
1096 2481
4719 3597
4050 101
2983 4249
320 947
4133 1192
1910 1368
2887 4360
491 3271
2147 3123
3048 4901
3777 3645
3207 3685
2102 2291
4267 2671
1917 2348
1254 520
247 4097
3190 4571
1848 2347
660 4815
1015 4263
1160 2836
1608 1120
1362 4472
3637 4444
3202 4822
260 4834
1228 4293
3501 3513
660 1558
4924 617
456 198
3454 853
2071 1672
3779 2507
4290 4098
1431 3720
1749 3013
4660 2552
1680 4348
331 1566
4117 4381
984 3897
4901 1541
4991 3728
4037 4112
1427 1224
2541 1062
4924 153
121 558
1295 2045
1012 1496
3822 2184
3312 1969
2060 688
4344 3836
4087 51
3398 4706
2447 295
3644 1967
591 1881
3340 4138
1009 2406
4656 1391
2656 2284
3063 1340
2594 2218
2493 1355
3940 1647
4138 2245
3849 1104
4743 4704
1482 750
2878 1489
1055 1239
2083 4914
1654 4604
4975 2275
1920 2644
2071 2341
3465 1744
3249 1328
3253 1946
891 993
2705 4114
2123 16
3345 1070
4039 1931
603 4970
3364 754
1489 2834
2739 1177
4361 2487
3482 4078
2383 1522
3618 2340
170 4920
2459 2496
457 4104
4155 2792
295 2951
1624 1771
195 2080
4706 2128
153 2852
1062 4564
1496 2732
2883 3334
4886 3082
3549 1294
2730 4509
2083 3163
3702 2767
1875 206
3779 1958
3257 885
2663 1743
2328 2674
3183 4195
1632 4400
756 4900
1328 643
1238 4946
3092 124
4391 2165
2507 2788
2968 3765
2925 2770
276 1485
3562 196
2080 3322
2947 31
1457 2440
3931 2120
1970 3174
707 3708
901 3143
4448 353
4903 1099
3337 4296
404 937
4494 3218
3836 3628
2064 2001
793 3230
992 4601
1771 2439
2326 4420
2022 771
404 2693
771 4242
1839 4958
984 2087
4726 3895
4158 1665
3740 2457
643 2506
1489 3614
1910 4289
4709 2412
3019 3536
4272 983
3364 1704
2743 4805
2951 3073
3007 2890
3576 4772
207 3723
3822 709
556 3559
4796 3000
1787 4998
3020 2407
4980 4602
1530 4372
739 4779
376 3388
2121 734
3344 1080
3684 4524
1808 2286
4079 3924
1380 2124
1790 3282
643 3756
1639 2789
2883 3374
993 4285
4736 1667
2777 657
3843 4422
3450 2691
485 800
3610 1867
1545 4024
3360 4738
4380 445
1244 3987
2076 1376
4988 571
1546 3970
4457 1550
710 3879
3568 2865
3901 3035
558 4985
1530 3261
4660 1703
1592 2169
3479 4950
2836 2350
3256 4677
739 1837
3138 1523
640 3260
983 4550
2497 4766
1931 3320
3132 1279
163 2675
2767 2075
750 219
646 3575
481 4369
1096 1605
2086 4645
1332 161
506 2563
4472 699
2945 3799
3895 645
4218 1742
1989 4051
1328 479
2271 1772
3228 1940
3572 2100
2219 4374
2152 606
4057 3278
3021 2327
4773 631
1762 3982
4805 1416
2178 3774
3576 4513
478 1778
3771 4035
4704 4088
630 986
2992 2436
1576 3384
4224 2698
4355 497
2516 3435
2660 2465
385 3462
13 202
4967 174
1308 4083
1654 909
4870 1322
1583 490
1848 239
2774 3133
3584 4553
657 4949
429 4577
3101 4981
126 2029
919 1474
3737 4034
3214 4878
3645 2754
4885 1552
4582 1600
2078 595
2954 3542
4530 4840
432 452
1279 215
1733 1146
2857 4161
2722 1966
1243 290
3650 55
1177 1719
3443 4435
2949 2810
1636 4718
2295 8
1696 1180
687 3008
2178 4809
1116 4501
1943 2251
1049 4415
1560 747
2658 1285
4753 679
242 2809
2956 669
4263 3284
2387 4268
1719 4262
1991 2648
4743 1912
949 1740
3426 3730
4614 2958
2798 2215
131 4321
4097 3379
1967 4208
2743 2655
1917 2612
2014 1010
4032 3109
4103 1870
1527 745
3221 2434
3107 1851
2861 111
406 4108
559 4054
4783 1712
4023 1630
1551 3525
4322 1189
3132 525
4856 2187
1384 2713
3216 4904
3450 1442
4005 1456
4083 3489
8 4370
1301 1950
1673 4357
1094 3763
2293 3468
4356 2979
1855 4258
3314 4734
2516 652
3982 1008
1456 3599
2131 3509
2293 1501
1111 3031
706 4467
1163 2577
414 3787
1457 461
4528 430
4665 3279
3374 1335
4118 3235
224 47
3492 3071
99 4586
4709 1508
4719 3910
4328 1419
3864 2428
3556 1507
3897 4814
1806 565
2459 586
4737 3585
699 2814
4860 453
2187 2112
1501 1645
4014 3739
3726 3698
4451 3517
768 3449
415 4540
1089 1869
2698 4478
1541 1816
3213 2966
1851 72
4200 1613
1462 2492
94 1147
328 2880
4321 2143
565 627
2787 1683
2711 775
754 662
733 648
165 4216
44 4922
3585 1076
1675 620
1790 107
2286 1944
3013 468
3640 2469
1811 4953
4382 2274
4014 2832
2269 4309
3737 758
2481 118
4671 2191
1189 2531
415 3309
822 3880
204 1232
2276 4560
663 644
724 157
3317 3319
4102 2555
3130 561
4274 1466
3046 3240
4609 3053
3021 1926
604 2752
2428 1393
316 3056
588 1561
2820 579
4491 4583
2698 4453
4969 4261
2648 371
2899 3223
3020 3881
2108 598
3331 329
3810 4533
859 1222
198 3619
3608 1319
895 373
500 1202
3885 1803
4467 1570
320 3049
3061 1549
4238 721
3507 1276
4267 912
1880 2902
4277 3229
3780 4648
4557 3436
2417 2210
719 4275
3929 1225
1811 1185
2324 1401
2660 448
3426 2967
270 1231
2615 4605
3962 633
4737 1631
2958 3333
582 4511
2594 4204
3719 403
3709 2362
318 4367
1665 1688
1696 4504
2383 3547
2113 3790
4758 4936
2487 868
826 608
1225 3523
396 3705
2234 3867
4449 2056
2827 4485
1232 3578
851 77
843 1988
4432 816
1391 877
4354 3083
2770 1978
2465 422
1352 3626
107 4700
231 3508
1806 1176
1721 4733
1346 2172
1647 784
1489 74
4285 2932
1721 4691
3656 893
4914 4159
3756 1220
1716 3679
1008 3553
759 659
2865 1753
3230 1003
4034 2224
3367 2625
2306 413
373 674
2016 3796
3994 2819
1636 3276
1393 2578
2404 3192
2117 438
4997 1439
3489 2217
2246 2201
4616 2454
2698 462
3344 918
2421 1203
2529 3025
2390 1868
2259 4629
947 3960
4051 812
2625 991
4346 472
3810 321
629 15
4603 530
3457 3125
4958 2254
4343 2734
3268 4824
662 2638
317 227
1638 1690
4066 1235
2045 1476
1696 2069
875 2445
4097 2576
1207 4624
1716 4022
1771 1081
1181 715
3829 2337
4915 1849
1086 1131
2849 2227
334 4209
2992 2905
2819 425
1859 1449
4138 3975
3523 1430
3781 4009
3575 507
4089 960
4355 3377
365 2368
4736 4123
2737 2994
1875 2289
1838 4864
1834 3981
1355 920
859 2813
2503 1422
4084 2095
2745 4943
1449 2151
1339 325
3372 4752
1834 1503
2165 4257
4325 976
4900 1915
2678 1450
1101 886
421 3273
4108 2582
3868 3872
453 3696
796 440
380 11
2852 4460
3781 2058
4051 1441
3879 1124
2767 3150
425 3545
2197 1924
552 1434
2536 3179
2993 1720
2979 4426
1346 3772
2659 4043
3253 455
4319 3717
3123 1204
2705 338
4491 2451
3712 470
4942 4206
995 4475
640 2429
1568 2093
843 4116
2132 4584
2401 2953
31 1602
4222 476
4776 1822
2186 957
1484 532
2021 1815
60 289
1977 924
4841 4013
4571 1291
4371 2690
4870 493
1426 4541
920 1965
4981 3338
4158 59
4616 2015
206 2369
2327 4795
1176 1242
4866 4803
2058 336
1995 2253
3145 1656
2407 3040
1496 2542
2685 1901
2313 670
2169 3156
3769 217
2376 3038
223 4875
2723 1464
3998 740
4050 4730
3597 1404
630 3028
677 4090
2218 2884
3253 1767
4929 4465
257 1581
3850 3162
470 2870
252 281
3638 3768
4378 2864
2101 392
3568 4338
2108 4217
851 3989
463 1190
3805 1954
313 4287
189 639
1169 4434
3626 1699
4877 838
1921 2847
2769 1270
1094 624
1442 1154
827 46
4343 835
2935 1213
3846 1253
4041 4450
3966 1521
3322 1726
3698 4316
4602 982
2421 2268
2281 2126
2542 4185
1160 987
3062 2236
1736 3677
404 906
3033 1195
3932 3814
1606 3428
4449 1569
1007 4163
2347 3504
4030 2003
1457 4843
1530 288
3962 1575
747 3116
2707 4761
2295 1067
1177 1599
2769 4156
1446 3251
3702 3293
2935 798
4051 48
3920 1034
3989 3068
2714 2158
552 2054
3646 4157
814 4173
4002 3440
1263 4567
4563 2879
3600 3502
1416 4477
3181 574
4027 2901
3202 1802
4843 889
3402 4368
1222 1065
2053 2171
4665 4548
1217 4423
2880 1830
4027 30
3050 1728
3334 2462
190 2499
2884 2964
4801 1050
4887 4842
4035 2758
2454 3270
3839 3212
4835 3027
2536 4515
2475 900
405 1091
2587 2931
3749 3976
4596 2231
4506 3812
1111 2370
4288 138
3179 2633
2259 3557
690 25
3645 505
1241 2720
497 1617
4401 1863
4900 3076
3790 925
1550 4874
4604 4971
1382 4608
3864 3961
2245 2543
3252 832
1778 1223
704 4266
3340 1417
2558 1042
2733 3393
1728 1358
1450 667
559 1801
4912 2652
3517 881
4178 958
4032 2334
4222 2043
742 2185
4571 1292
3032 1184
1886 3018
96 3541
1680 307
2652 2006
2293 4148
1385 4146
797 2941
330 1017
4242 366
3151 3036
4117 3691
2859 2785
3185 4909
4954 1113
947 4398
4026 2090
2043 2258
3976 1932
3675 4672
2233 4693
1593 1814
389 2725
457 2797
1541 1643
2720 1637
4005 2504
2149 3706
165 549
1259 1345
2233 298
1869 95
3823 3051
2343 4016
414 2488
3696 3446
2481 444
1125 2283
864 698
4368 4454
1675 2072
4872 436
11 684
3957 653
111 4827
2410 106
889 4879
4758 3681
48 1603
1683 241
2225 3751
2525 3286
3190 1451
1017 2435
851 2116
1377 3529
421 4581
224 689
1661 3431
700 1596
1753 1812
54 1818
245 3166
972 3785
704 2548
1575 4276
1125 2775
17 1093
2286 4188
1005 815
336 143
1140 3845
2587 233
2499 4384
1801 4876
4569 4255
3684 612
1696 3197
4779 1990
1065 1689
3920 1621
1023 4789
1134 4521
2253 1791
33 3908
4206 1349
3461 3231
3769 3158
532 4710
3795 985
845 1889
3162 1914
1003 2854
1816 1827
3295 4748
2097 1973
2563 4407
1778 4153
258 4096
1464 4307
1506 951
4217 4723
2558 3356
1890 1221
3529 4851
2430 2509
727 4630
3101 1607
1822 10
194 2164
760 3902
2675 4680
2601 1256
4384 3518
4894 2557
4678 4626
4754 2396
2184 3037
1592 1913
3284 2019
4176 3198
4289 1758
3271 1119
3982 2266
4378 2050
1238 4438
1847 324
727 2606
3760 546
3781 4555
2676 789
4774 3495
1557 3784
1743 818
3026 2906
2997 3173
695 1402
3549 1634
937 2446
4874 2915
4262 1796
2258 4497
2493 1316
2994 302
3306 1452
1346 4169
692 1717
417 994
448 4362
1069 2621
3720 601
1207 3476
4896 4535
705 4353
258 3552
3575 3066
3758 548
1424 4473
1569 1255
2132 2431
4031 210
2798 3817
1437 3558
4752 2035
1606 4507
3946 4310
2344 2988
365 122
4415 962
4774 4210
3937 2154
4920 4759
4031 4592
4315 4536
190 4811
2001 2653
1169 4647
4382 3714
690 547
2724 2815
3678 4373
1515 4650
4499 3524
2659 1396
2368 19
4030 4615
684 3296
2368 4269
2775 1321
3654 782
596 2371
1592 3161
4549 911
4601 1315
3719 2726
2195 4990
4773 647
3775 741
3172 4021
3756 3447
4391 309
4563 1297
2590 109
1629 29
2503 728
70 787
1515 188
3026 3470
1315 1100
391 600
3212 2762
413 4127
3223 4781
4563 85
2054 1019
289 2999
993 1627
4781 3160
2828 218
4506 4416
2880 801
1733 2388
1455 681
2101 56
2296 3121
2491 311
2118 1413
2268 4573
2750 229
4818 1697
1236 563
1295 303
2350 2325
2020 2443
2123 566
3255 1713
191 1779
2154 1563
1049 4740
655 92
1076 3905
2409 2796
4371 946
3880 4292
4962 3605
4740 861
3462 4961
1668 2768
2632 3968
2671 3647
1748 2134
124 332
157 1268
4342 4347
4472 356
2739 3811
3759 2484
3448 568
1787 3601
3647 867
392 287
674 2508
827 1776
3618 3215
3314 3015
3973 4986
1548 4109
1391 3006
4497 3453
3650 2741
467 3898
1667 400
1924 2874
2465 4351
1590 1196
4422 3247
3427 2141
4903 1821
2165 762
1430 4466
568 2419
3393 4679
1353 412
3929 4947
653 844
3446 2822
2660 857
2960 2853
4981 3159
4905 1078
3276 2829
1668 2773
4571 1686
4161 752
647 4142
1023 3304
1263 1341
1003 673
3147 3819
1315 3430
3185 248
3730 3794
4903 256
2447 731
2271 4570
2641 2322
4700 524
289 4934
2037 3934
663 3734
2658 1579
4105 4832
425 234
3780 367
4679 1248
1525 3986
873 4141
4271 442
4461 3743
3696 3466
1608 184
4533 1082
3575 4892
1562 3189
1720 3876
777 3555
4487 3564
2762 806
4454 3353
2509 1685
2117 3467
3951 487
3957 1265
2412 1418
2486 3602
1478 3674
4487 1148
3296 3888
1418 222
3575 3858
2111 2345
4615 1359
2095 4324
1523 2145
3675 833
851 3612
596 3272
210 989
3232 4183
2563 1987
3508 326
72 1714
72 2701
4206 168
3363 3355
3293 4006
1078 4747
4016 4816
917 148
54 3636
2113 511
960 2167
2149 4429
385 3792
4605 2477
568 235
143 1879
3799 1955
944 810
3807 3732
1630 3569
1144 1678
2086 1759
1279 465
2859 4895
3204 2772
4922 2930
234 1732
3672 2085
3733 3923
1888 3124
2131 1937
3679 4297
4027 2084
3465 3762
4472 1820
3092 4132
3022 2976
4774 2794
2034 2821
1912 4611
4569 4532
767 661
4006 3175
353 3003
1606 2673
1837 2573
3392 3770
4541 1891
1467 1261
1786 3514
1995 3424
3924 4029
1091 3701
3432 3947
1214 3368
2307 625
2685 2803
3416 1129
2071 2848
412 3710
3345 1766
1667 1864
4818 1534
3717 2911
467 4632
2863 4727
2604 2310
4353 2354
231 1208
775 2415
2118 1898
565 4036
989 1968
984 4428
2582 2654
958 2962
4277 4474
3547 3651
1820 4663
1704 2026
376 4008
2299 3009
204 2278
1408 4486
1645 22
1680 3918
219 3336
549 4633
4511 3226
3085 1872
4601 1031
4719 1529
3344 2081
3964 1781
1791 4376
2834 4260
1910 3117
1571 2867
1384 2926
1065 1996
2962 1757
3282 451
1327 1168
4145 4175
3751 3023
4698 829
1294 2288
3402 4190
382 221
252 4221
3105 3041
862 3258
1469 1218
1462 3090
1988 2247
576 3724
4783 3611
2496 1273
3654 102
1184 1018
775 4234
470 1674
1632 1167
1521 2946
1553 488
4185 522
3758 4479
617 3191
502 2908
3235 3129
4448 1813
3363 4637
3932 1885
4026 2681
1104 2170
291 1363
778 1809
376 4062
915 3510
714 1337
3626 955
465 2649
3688 2013
2796 3535
3717 4442
160 2068
2457 4313
2159 1269
3867 3423
4559 1351
3968 2969
4138 3184
657 1479
1909 1908
893 3539
4997 1021
3257 1580
1407 543
821 1348
3726 4184
1352 2687
1787 378
2531 609
4739 49
2450 2589
3817 186
288 4085
4458 4063
4006 4575
2102 4664
1015 2669
4641 1369
4420 3112
2994 1126
1764 638
3459 650
4195 2858
1111 4974
4275 4690
503 1330
598 4572
3180 1097
2233 4701
3155 3527
2239 2194
4314 2244
1179 2564
438 3474
2417 4999
1283 3406
2288 1053
2304 711
4016 2028
2302 1777
2766 1604
3001 846
2476 1498
206 306
1779 1201
2343 4481
4530 2180
3023 2361
3809 3419
2100 2532
4645 3914
851 4861
881 3491
411 794
258 283
2866 3080
1966 3567
3932 1383
2252 903
1077 1700
4586 166
1654 3070
2648 656
2338 2627
3648 3452
3502 211
1248 2736
1749 4858
2234 426
1034 2099
1349 2616
1501 4396
476 1118
3205 618
3510 882
2490 4019
4396 1711
1369 2004
3363 3896
464 1486
4704 2710
4547 1611
4666 1092
1882 4931
2983 555
256 542
1269 2466
4277 4464
1549 3587
4946 1001
2508 3415
1260 1300
4557 3773
4707 2991
2121 4561
3026 3997
1711 550
4039 4770
4476 1540
2858 2483
4882 4662
4557 205
2594 1620
327 1518
1257 3800
3761 3944
600 1200
1993 212
2730 2163
1145 685
3946 1304
324 743
3555 2515
4416 2873
4468 3195
2866 2427
4197 696
1758 2782
870 4130
549 592
4396 3455
3569 1994
1600 3439
248 3274
3166 3302
4266 567
4593 2349
3247 1710
4008 264
3228 3863
4865 3583
4096 2980
1602 1366
2794 799
2915 980
1281 3339
2913 2744
64 3186
4547 2665
714 1095
1167 232
1164 905
3852 1323
4114 2862
1769 151
1204 4846
1381 2540
4504 4333
868 4332
2943 4613
3724 1296
1654 3755
2745 3725
107 3899
4079 772
3101 460
1544 1614
4593 929
1870 3682
742 3984
1363 4294
2693 973
1281 3350
1203 2107
4144 408
4577 1054
2092 3395
4773 4972
676 3956
3781 3942
1699 3862
3276 2294
870 708
715 1992
1977 2840
4297 930
121 3977
1872 2238
4225 1142
1661 87
2980 3579
4284 3401
3181 4394
1322 3859
2687 4731
3125 3438
2338 634
3771 4802
4451 3503
4665 4696
3787 4226
3316 3974
1575 159
465 4959
3956 1751
4866 2166
196 1139
1231 4099
316 340
2139 1844
2410 779
3684 1659
457 3227
320 780
3070 1567
2722 1873
3959 2292
3322 345
901 1730
4747 3526
3357 3297
1932 790
1933 1789
4474 4993
3669 4757
3398 3370
455 4928
4631 4239
1808 2989
4509 4825
3773 4939
989 2567
3338 3689
4329 2950
592 1305
2887 4038
3695 271
862 3892
1717 3177
3327 3663
4961 1350
2396 388
2750 2449
3073 996
2289 3952
2376 1436
948 2514
4637 4798
321 763
4573 3288
799 967
3918 2212
2268 4884
1753 3246
4551 2580
3399 613
4696 4544
4654 2115
1377 80
4931 2179
920 3954
3987 4649
4465 1128
769 1411
3794 297
795 2280
1162 1245
1363 34
4976 1059
1104 4154
1190 3324
4727 2936
1437 3301
4267 4045
3424 3673
3800 855
2947 3853
1368 693
951 1707
1718 315
289 2351
4116 4692
4571 4469
4277 908
4297 1928
1357 2448
4460 4862
4908 1445
2945 2757
3654 4983
2023 2346
2504 4618
3172 3938
3357 4115
3643 4004
3035 2624
4489 4587
4886 761
4087 2156
1083 3329
170 1187
1205 2972
2632 3010
709 2482
2908 4440
3245 492
747 4966
2693 266
1473 3434
4887 1197
2493 570
4530 807
298 792
2222 4068
3622 4673
3147 2618
3722 3052
2325 2662
2750 1282
3260 2538
4835 3789
2111 4455
87 2763
3174 4101
165 2765
3507 2843
2753 1460
2809 876
1478 4125
2891 1477
2570 4644
1311 3511
3902 3389
2767 4122
4912 4076
2687 4463
3962 2207
696 3927
224 884
3997 2764
650 344
1922 2579
207 3497
34 4049
4384 744
924 362
3213 4881
4100 2568
2946 1406
3013 3187
1335 4283
4099 3341
1813 2973
3039 1229
3705 357
2932 2571
492 1543
538 4251
4355 3084
2777 3993
3084 2200
1017 4495
3353 4640
3273 2812
1276 43
713 1320
285 2894
1855 4512
4934 1625
1816 2818
484 4661
3720 4830
3789 2511
613 3326
2205 4168
1134 3729
663 2416
2849 2038
1120 4064
4972 4320
4102 4724
3430 284
1211 3348
3751 117
1796 2851
3197 856
1021 383
2112 2599
4915 1705
502 3118
1139 3225
1073 2517
4487 2699
4081 4926
1526 1564
4435 718
3835 4750
3209 1923
2601 4053
752 878
1855 1471
3498 2125
3356 4341
967 3211
1476 2717
3394 2423
1652 3168
4983 4366
3723 4199
380 701
3255 824
2167 1497
2504 410
4721 4250
4540 3044
2893 67
2565 2425
667 4674
1981 1030
212 2392
3984 4212
1490 2534
3249 498
2570 757
2097 665
876 2572
1080 2285
491 569
3576 535
4269 1612
2725 2807
205 2952
3650 50
1661 100
2908 4080
976 3825
2696 4189
3814 3985
3987 2760
2010 1121
3046 4335
1766 2385
924 1130
1843 2961
1213 3882
792 1459
1651 4716
1600 4833
4381 1646
1138 4493
1672 720
4825 4767
3155 2598
4918 177
1894 220
3424 1114
165 2062
530 2985
4656 2408
1599 3054
718 2360
2952 1828
643 1858
4008 1533
2536 3043
4513 1302
1638 2104
2848 702
4117 3999
1614 975
1181 2869
3725 823
380 401
4262 2030
1703 4916
1718 2740
3122 866
778 4124
3041 2300
2857 2065
1466 1798
1563 2405
3109 3456
3439 183
3319 4636
2991 4220
4916 716
4675 3551
2992 4106
4216 1158
4754 515
1176 3490
1720 173
2657 2333
3049 3530
4896 753
3143 2105
1008 1585
4449 749
1296 1399
696 3234
1855 1135
1355 1405
101 1356
2941 3421
425 4229
4561 2256
756 1040
738 86
4738 553
3810 1520
2951 2603
3377 4147
1102 623
4275 2096
1353 3700
30 2566
4416 2214
3679 83
2648 2082
4450 387
1593 3242
1078 32
352 3595
160 4180
1507 3405
3631 3059
2419 1024
1581 2645
1426 2602
285 4483
3491 509
836 2868
4707 3757
1012 557
1018 4522
224 2914
4484 4077
608 155
1121 4253
3472 4744
4656 2182
886 4033
2488 1722
4144 4241
3231 3659
4197 2661
2969 4857
1223 3034
3829 238
4140 4775
2612 1178
1433 2970
3825 2032
400 611
2002 2091
4062 2162
1249 1916
1297 730
2264 2786
3019 3119
3217 1513
1575 3703
4757 1051
3643 3630
2576 1378
640 3265
4535 26
1327 279
2625 3767
2182 197
3102 3980
2243 4713
183 1591
2540 3413
2482 1372
4545 1287
2810 4978
3935 4172
3807 3146
1455 2921
886 4804
1472 2005
1455 2137
3728 3886
2594 2512
718 2667
2935 3060
3951 4948
1950 2842
1779 4044
3750 1206
3815 418
3800 9
3754 3953
3880 4059
699 1528
4610 4247
864 1333
3744 4264
4333 3469
3183 1170
1255 2784
396 4651
868 1088
1690 3662
1678 1047
1385 1052
2036 1509
2739 2611
912 1695
4825 544
71 1804
2482 3139
1125 2257
2458 1386
4915 112
4654 4259
1393 2513
947 3752
262 116
1673 1250
4074 977
2110 4791
857 1941
1852 597
1921 880
4333 3397
2255 115
1643 1615
388 4139
4034 3658
3735 2586
304 139
4541 2575
1603 510
4147 605
2757 1109
4266 3793
2081 65
612 2323
1210 3821
1545 3990
3491 1389
3129 4984
2410 2889
3795 4797
1489 2527
2757 1823
893 3072
3085 1371
298 847
87 4899
685 2498
1077 3692
2506 3126
4281 536
3230 910
1408 167
3546 1361
3608 1960
1359 3903
733 3016
4310 1623
3733 4164
2529 3017
2786 2907
916 675
151 1182
3994 1025
353 3045
1490 4921
2587 3078
1732 3690
4294 1085
1891 4771
628 4612
3282 4932
3687 4011
3778 4992
3435 4425
1130 272
2531 1141
3770 4869
605 3988
3739 564
100 554
2493 162
4716 879
4767 3697
3997 1648
920 4095
326 3030
352 1734
1720 3609
4918 4785
4274 450
3455 4873
3168 3874
1265 3475
650 2799
3248 449
220 2977
3977 2647
653 1150
627 4246
272 539
3787 1387
1594 3081
2683 3210
3018 2395
4740 4793
3862 308
4806 3208
3490 2642
4031 4751
4985 152
3195 4722
2264 635
3101 3713
445 3291
4666 776
2279 3596
3671 3873
1285 61
3779 3098
3719 872
1474 368
2949 4531
4783 3409
806 3444
4847 2263
2632 1738
2827 1531
3910 1601
4089 3826
4887 4282
3023 4838
4176 2455
1834 1110
4641 4788
845 1936
189 3267
1111 2177
2224 3649
3796 3305
371 4622
2612 1975
3036 890
2388 495
3735 1750
884 2619
2407 2277
4886 2928
4415 1930
3338 1897
1870 4375
1844 3485
607 4863
2475 98
1995 2203
1319 2297
960 3854
4858 1935
28 2070
2580 4409
98 2731
1858 2352
3244 342
2291 514
4611 4749
4629 4402
425 3091
2865 300
4850 140
3224 4219
2435 4890
4009 2800
518 3642
409 4597
3049 1641
2962 2672
2573 4625
2415 3478
1384 4566
2481 4634
3838 3574
2003 4762
4886 3820
4691 88
338 626
1712 3169
3659 4655
1564 3219
1596 2934
1054 79
439 240
3468 312
3060 680
3575 3906
3968 2927
2313 3433
3793 3875
2737 128
1269 2033
3107 4167
3078 683
2504 4527
3135 4424
1490 305
4045 2554
2277 4854
875 1980
3022 2679
261 1905
2983 4808
2121 2728
2409 1000
4593 2098
1023 3486
2304 4755
243 1862
4582 622
1940 2174
3010 4620
2056 3093
109 1794
2807 3731
2734 4600
1203 4056
4860 4910
4841 1392
942 1299
2124 1313
3016 2939
2050 7
4929 475
3419 3110
4939 858
4758 3055
3101 2664
548 781
3055 1415
2873 897
2527 3791
2583 2468
4753 508
1811 1338
3227 1317
3523 2712
1024 4305
442 2355
4263 199
1859 2595
3879 1194
2664 348
3523 4585
270 3917
276 110
3555 2206
2483 3919
4464 3422
3348 1480
4884 2703
2239 3828
347 2136
4723 4684
3385 2467
1366 4385
1683 4170
2817 2639
4730 2686
1494 4462
4601 2924
3157 1694
3052 2420
4592 1692
2758 545
3553 296
4141 3766
4206 3481
4296 1035
311 3520
656 1903
2568 2533
498 2453
4297 4617
2480 3131
4774 2896
4088 4092
308 914
3974 616
645 1610
1302 2400
4268 3841
1695 1681
1392 534
1529 4944
4618 1072
2967 860
4587 1159
4217 4431
3261 577
3969 3321
4793 4670
1814 2399
4636 1679
2468 2262
3792 3532
4880 2837
2037 4072
3781 1547
1287 802
2128 3262
4352 2495
1214 1106
1238 4459
4522 2900
2458 3323
89 922
2015 584
994 3972
4005 4639
1239 589
2576 351
2941 3094
1322 999
2660 1173
1958 4653
3672 2479
2324 1628
3791 3745
3431 2846
2081 4546
1620 3996
4924 1589
4095 214
1483 899
371 75
4072 268
667 4714
3258 4965
3555 489
388 1984
799 3833
4865 4542
4387 1043
99 3943
121 2963
2056 3861
4992 480
2810 4187
4059 1491
387 849
2399 4952
206 2981
2490 2011
181 1423
890 610
1828 3300
1941 2051
3194 2835
3198 3005
3265 3381
149 2359
4307 1616
1652 3342
2180 1524
4529 1542
1201 2357
656 3390
430 3983
2609 1586
1184 3237
1912 3176
4932 1388
2126 712
944 4930
2081 501
2149 971
1987 265
2345 3783
1492 3408
4783 2841
3369 4303
4221 4500
2299 2249
4727 2614
2087 120
3753 1275
3334 737
4334 4327
4335 370
300 672
3720 1216
133 4052
3017 933
508 4383
2195 3515
2259 4196
1113 1461
643 1064
4206 2694
2031 4957
873 1122
4428 1577
1070 1925
268 2608
1593 443
4376 4121
3757 1929
2206 3802
3725 4488
4274 18
3467 4000
2602 3827
110 2850
1258 521
4149 1642
3363 1029
3193 523
510 1768
1650 4695
178 2270
878 322
442 2559
2812 4579
3129 3893
2 3871
285 2872
2296 1098
2457 1644
1966 527
1416 2229
3919 941
1793 1060
4407 2955
3093 3318
4624 2885
2427 3848
4247 1390
4971 416
3856 1458
2763 108
4530 3939
333 437
4411 40
1696 3625
4505 512
2849 1284
3406 2806
558 562
3756 2059
2459 1927
4567 4365
2315 2781
2847 1365
3587 4186
1869 4598
2557 2017
1759 3506
3058 4007
713 2470
618 2372
2603 3588
3696 4519
3276 3949
442 4552
1153 1504
2292 1151
4610 4777
1648 820
4700 1725
2075 871
202 185
4700 1502
758 3238
712 2007
1411 1999
4144 4839
2740 2636
1581 2626
937 1536
4153 3911
2497 4595
2672 1312
4738 4201
747 3445
4772 953
2274 359
4072 2183
2210 2916
1119 81
4167 127
4195 4646
3530 1780
4425 961
4362 4699
3820 3928
2483 4020
522 2702
1681 1854
2298 3593
4625 513
2911 1318
4721 3884
2699 3496
2323 3375
911 766
347 474
4777 1887
4087 1911
510 4994
2134 4897
382 1554
345 4849
4526 3606
2940 3522
2062 1500
2658 3460
2370 1303
4420 3148
3892 1836
3097 3111
1613 839
245 773
4132 4377
376 193
1187 1655
490 2426
4103 2860
1457 4248
669 4963
4749 2749
1882 1752
1396 2049
3062 2623
2020 1982
1203 364
562 2282
2219 1493
797 4213
18 2510
2415 1156
3962 2414
3350 267
3752 1512
1768 3347
303 1702
2798 945
3596 1048
3148 4576
4005 337
4140 78
3050 1597
2799 808
573 4888
2699 53
2741 4520
1991 2411
1627 4828
3276 921
3885 3087
3208 529
2239 3382
4148 4244
1767 2460
2084 369
2662 1342
1778 888
3195 172
2436 2061
4264 935
3524 3149
3065 2920
138 4137
3436 1622
962 2904
3216 1199
2689 2680
1213 4152
1228 4925
4932 1774
1875 1861
1102 3995
1692 2103
59 427
2879 2237
4619 4392
234 1701
4877 3633
1990 5
1048 150
565 3683
4803 1226
193 3206
2861 3233
4961 1824
3794 3067
3143 1266
2494 154
3843 4787
3953 4245
2508 4028
4019 4590
3886 1662
4557 2173
1656 4230
729 2358
643 3201
3431 1663
1009 1669
3258 3328
2899 4831
3085 3665
1530 4330
3857 1329
1562 2521
3114 2146
4249 928
1021 4306
3750 2027
2401 2651
1623 4621
3502 3978
3170 2073
3181 934
639 1002
566 1061
868 4256
2324 2670
1363 998
700 1938
1929 974
3798 447
4279 146
4480 3285
1434 3747
4874 4214
4862 2522
1802 1737
2227 2957
287 3652
3803 12
3318 3386
4384 1056
2405 4363
198 390
3065 4492
1033 1947
3892 969
1847 486
2800 1745
3857 1635
4991 113
982 1090
443 4760
296 2223
737 4336
1099 3832
3251 1825
4680 1939
4887 2444
3121 4683
1590 517
3689 1761
1427 2721
298 2375
4979 2287
1710 892
4865 286
520 1945
2182 964
4994 4711
544 2793
2722 537
4014 4254
1055 250
3717 4389
2669 3480
1130 3464
2304 4379
4115 1900
4033 1763
224 3057
4059 2975
2455 3411
2115 4323
3826 1188
4157 3418
1275 3358
4174 2380
1138 4987
3843 3621
3552 4688
2280 4058
1273 4728
4511 2267
3299 1747
4567 4070
4369 902
283 1510
760 3782
3506 4417
1282 785
4143 4669
3861 3851
1492 38
2130 4756
2162 4537
1748 852
1420 361
3801 1706
3 496
3010 4935
1019 1398
4143 4964
3121 4765
67 3269
3867 1539
3975 73
2374 4025
3491 4350
753 682
4961 1314
1103 2063
2032 4243
1543 147
1617 3024
2785 4073
4607 2801
3257 4240
191 3824
4700 2232
2204 200
865 791
39 3315
4277 141
4176 3012
289 192
1575 1826
2241 4508
1351 2918
1657 1874
605 3429
1875 904
2100 2501
4056 2520
1422 1133
4015 2561
3919 2336
1 834
2747 4591
3163 4689
569 1487
1698 956
296 4410
1820 615
1429 2948
4872 1974
2646 1619
3030 3069
1761 2216
2361 2990
157 209
4575 970
2797 4574
4077 4471
3588 4236
3052 2771
1780 3178
3626 182
3249 37
1848 3958
1562 954
2997 3115
2370 483
4357 1020
1943 4635
1301 4012
2295 2273
4750 3079
3891 575
3269 310
1304 3239
2892 1326
3489 91
210 4829
496 259
2496 4919
4030 4439
4138 3330
1225 2044
2262 3936
2350 2248
3037 1723
4974 2089
3838 874
2877 2305
4320 3955
1068 1454
317 1108
4497 282
4575 3266
2534 4694
4783 1565
2325 3544
4081 1878
1184 4441
346 1289
2298 4659
1831 3442
4008 3528
3709 1841
3457 4358
4212 3718
3306 2551
4333 1807
157 293
1540 3521
2023 3365
3867 3004
955 4393
571 2433
559 2391
4456 3941
1065 4496
1928 4763
911 1274
1316 1045
4269 1582
949 3844
4346 134
3766 3420
1851 4817
72 4150
4840 236
1668 4867
1369 2226
3480 4627
1135 4482
223 4071
412 2331
3966 2150
1025 3154
404 1658
2064 3655
2285 3922
1610 3550
4501 4845
2342 1840
3485 4764
2172 786
2270 4902
4100 4165
4740 3287
4907 4917
2110 226
1749 819
4415 2833
319 2933
289 4642
1300 3325
920 2308
2535 637
67 959
4109 4337
1297 2052
2067 4181
1093 3346
11 2903
3379 137
2916 1105
3243 216
3049 1519
4791 770
2591 3540
2150 1028
3924 1373
1021 2826
511 1058
4373 1075
3050 4231
2394 1440
2952 4844
590 299
473 433
1879 1481
1994 2895
3123 2317
1462 3153
716 4628
4365 1293
1325 375
4362 4746
4827 4060
4062 581
2896 2221
3682 1014
2393 4227
784 1949
4390 4470
3876 360
2548 997
1395 4995
2962 4657
2981 2228
2835 208
4168 3538
4298 1833
1533 4911
3098 3488
3146 2330
2111 4599
3811 237
735 1760
4916 1421
2392 4179
1171 2142
2671 1364
726 1587
1267 458
293 3830
2257 4568
542 2047
3951 1731
394 4232
3488 2339
2751 3657
1074 2585
353 4799
4899 3519
1523 931
1211 831
3689 1443
1022 3670
4138 1626
4026 2321
4903 2311
2166 3627
4929 4502
4410 3592
4490 4658
1085 3127
2398 4525
1048 3281
3025 898
930 386
816 3064
665 1784
3233 171
700 519
785 349
4619 3634
4409 1298
799 3140
4721 2629
48 4951
2283 105
3795 4445
903 4807
3973 2838
3596 2897
101 1432
2329 2235
514 3742
2414 3451
4121 3721
4743 68
4061 4812
1950 4317
1719 1842
582 4725
3484 3128
4108 4395
236 3494
1321 1230
4403 469
2415 3142
3533 3590
170 4312
3684 2196
2366 1280
39 2886
1328 4539
2982 3263
4963 1633
2306 2432
145 3971
1577 526
3417 3565
1204 2220
865 2802
2241 4813
1581 1264
3342 2825
2811 1495
781 2181
3634 2386
4654 2301
3613 1775
3394 4543
2578 658
1147 294
2420 2682
2775 3560
762 1262
3278 2461
4285 3693
4641 4413
2105 1038
1064 1084
4127 2706
2807 1011
1613 3203
4460 2779
2945 1175
4936 1247
4146 249
1859 2881
2664 2209
4335 3294
4927 636
3646 3164
2269 3361
2233 1375
4023 1394
2670 907
400 2148
631 3182
4572 3992
2972 2008
90 2622
2151 4720
2895 225
4099 3641
3678 803
165 3635
2954 1850
4824 3011
4019 1588
2142 3869
179 45
4355 2610
4012 2074
2415 1046
4755 76
2877 1664
1802 4311
3722 1618
897 3741
3604 3437
819 2630
4861 1410
1616 1123
4942 2526
299 950
2995 4538
4206 3889
2272 2581
3030 1877
1178 103
2479 350
2156 97
252 1475
1723 1271
4433 2688
4616 3275
1876 2474
3705 4069
2134 1883
569 4703
2572 4589
1133 4982
575 4177
1614 722
312 1896
4998 3483
15 2312
3996 1252
3101 1037
689 2631
304 1535
2960 4075
1699 2778
2726 3120
1557 363
1033 3383
1113 3676
474 1709
2714 1470
4044 3404
4368 3788
1403 4938
1733 58
3598 540
290 14
3361 104
4065 2155
4995 3594
3300 2735
2368 926
813 723
4365 1687
2693 3855
4032 1063
2238 691
3270 2012
3519 1805
4907 599
467 4638
3330 4443
3693 4715
2828 4404
1833 2106
4877 4252
3965 3653
2931 1846
1367 4913
1007 863
582 2716
4889 896
2753 3537
4472 3280
2406 1957
3679 4134
4699 1137
2472 1574
3609 2318
1310 3786
4381 3543
1249 3277
4038 454
860 2944
4413 1132
890 2464
1535 1198
2123 2190
4728 2424
2760 1414
4230 2553
4954 1288
3241 583
1690 4129
1211 4397
1074 3141
282 69
1627 2544
849 2363
332 4270
561 1448
1409 3493
2862 4295
271 3707
4978 2620
2601 4800
2368 894
3393 2135
2502 4202
3803 4735
4514 1899
1737 3948
170 164
4110 1682
4295 3589
4864 2316
306 3639
3501 817
2900 1057
640 2088
4229 4554
4347 2959
1836 3359
4290 1724
2627 2438
894 3308
410 3715
1089 2066
2660 2910
393 1693
2965 4745
29 2378
312 1857
636 978
234 3200
204 4868
4352 4414
3619 4430
707 4702
1043 1347
3011 230
466 428
4669 374
3665 3531
2528 1517
3111 2161
2072 4810
3025 1963
1612 6
3717 1374
4261 936
4582 4937
1345 664
3349 2471
1002 3711
3552 4452
3578 136
1985 4421
1640 4040
1427 292
2832 587
2167 1537
2954 3290
1845 4606
1464 3866
1494 4794
1642 848
1998 93
1179 1306
3685 3930
3261 2260
2379 2839
2047 4883
39 4823
4451 1835
2566 1741
3282 4113
3914 968
1999 27
1601 2780
4279 1166
889 602
1090 4203
3577 423
4209 3463
582 1800
1897 621
2931 1691
961 1971
2147 4516
4616 2569
3175 4349
4453 1488
2783 4503
1501 4198
318 2144
243 3307
119 1272
4227 2114
4958 4003
2776 1684
127 3100
1413 988
1821 3505
113 3878
3477 3104
394 2168
93 4010
948 2592
4726 3136
1765 649
4914 4136
2892 4558
203 850
361 4278
547 3373
348 3220
1120 1444
137 434
3286 2795
4590 3473
963 1331
2307 3254
4876 1344
1645 3310
1527 4094
575 1036
1946 4418
4915 979
3429 4119
1225 4643
3952 1942
2567 2556
592 2377
951 244
3346 4960
558 2188
3346 1649
907 2009
4155 3603
4019 4093
4184 1832
4099 2176
4543 4681
2190 4973
421 2742
2134 2597
1184 4523
2670 314
4613 2888
1867 2153
565 3842
3049 3664
3617 156
92 63
833 966
3158 246
2936 4018
1333 3047
2591 2335
4723 4265
366 4705
3162 5000
2739 3259
2856 614
1386 1715
2632 2923
2885 4933
4190 1152
4543 2157
3114 4940
4326 2519
3392 4211
1192 1286
4062 842
3935 3580
1392 2761
2882 57
3064 2909
4395 3963
2514 2628
1352 2314
3692 4623
1226 301
1259 3894
2903 1246
834 3916
4556 2708
4371 2539
517 3289
4752 4364
4909 4848
3823 805
4265 4291
3621 2937
1685 384
1608 4280
1591 1066
910 4120
2370 883
3839 2381
3687 3890
4918 3945
3856 3926
3507 2562
805 1215
4528 4588
81 1463
1122 1157
3255 2830
3682 4286
3381 4388
1778 2637
3365 36
3826 4131
1109 2550
2527 4067
3250 2668
3022 2119
287 4228
2582 201
1019 1183
3316 1598
4479 804
150 593
270 1032
1862 1155
809 3165
874 3292
4800 3548
928 3134
234 4580
3002 323
2613 1354
3255 2634
623 4304
1265 1370
2970 1511
3268 1149
1135 4534
1189 2485
1242 2942
4764 3196
1263 1739
4389 4855
1800 424
4873 459
1886 2290
2250 3616
875 3366
4185 3534
602 381
1786 4668
757 1453
1545 504
4341 2478
1280 1584
2515 3571
2633 399
2630 3615
203 1290
2926 666
3995 1856
4974 3561
2735 4331
4409 585
1307 3144
40 2756
2072 3222
3602 1027
4966 1428
3100 3933
2939 251
2883 2996
3781 4419
3902 3029
417 825
1873 2332
4299 2319
508 3847
4804 1107
2920 783
463 3108
157 1212
1166 2240
1916 3303
81 420
3230 940
855 253
2248 2211
4924 4852
1895 2560
1204 3818
1378 1143
1816 2403
961 1556
759 3152
2153 4386
2710 736
3969 1516
2088 4498
2653 2697
449 1233
422 1219
603 2824
2359 358
3638 3414
4201 1237
1423 395
3991 3837
2961 1865
2702 2919
1863 3967
1169 3516
789 923
2686 142
1345 3088
3370 1817
1928 1727
1180 3137
3516 3686
336 1892
2797 4042
1287 1948
3626 3042
2655 2845
4017 4182
4395 1754
1104 2452
4854 1278
810 746
778 2715
448 1251
1205 3362
3088 4685
451 3629
4561 4682
2012 1902
4815 2018
3847 158
4640 2986
4771 1666
4220 654
4650 1277
4012 3512
4983 641
4434 1016
2296 2389
1966 2025
3209 840
3864 2938
4156 4968
2168 3979
3155 3351
1124 2666
4129 1972
3440 4518
716 1884
2478 4667
4638 560
3140 354
736 678
4818 4339
210 1234
2871 1785
3478 4790
1514 132
976 4233
4809 1670
4733 2402
1688 419
3990 828
3310 4406
4418 3806
