7032
4205 6468
6635 4205
6635 4105
6855 4105
1657 6855
5208 1657
5208 3523
3523 2857
2857 4356
4356 3478
2432 3478
2432 5281
6679 5281
6679 2914
2914 2715
2715 3827
810 3827
810 3896
5990 3896
1209 5990
1209 4724
2286 4724
2506 2286
5595 2506
6948 5595
6948 5616
5254 5616
5254 6546
6546 6763
6763 5465
2739 5465
3959 2739
1272 3959
3064 1272
674 3064
5775 674
719 5775
3380 719
3380 2025
4480 2025
526 4480
526 2111
1123 2111
1123 472
472 4234
5954 4234
5954 4379
4379 176
3435 176
3435 2600
4211 2600
207 4211
207 415
415 4352
4352 6039
242 6039
242 2509
372 2509
372 1500
757 1500
757 5567
790 5567
5987 790
1738 5987
1738 6307
3736 6307
3736 1554
2067 1554
6209 2067
6209 7017
7017 4119
1470 4119
1470 2838
2838 3287
3287 2070
2070 4656
4656 6637
6637 6742
6077 6742
3170 3696
6210 3696
6210 394
2264 394
1215 2264
1215 891
891 1101
2786 1101
4248 2786
6766 4248
6766 844
844 5680
5680 1929
5650 1929
5650 4763
3648 4763
3648 707
707 3163
5003 3163
5003 6753
6753 6838
2573 6838
2573 4079
6165 4079
6165 1198
777 1198
1483 777
1483 1876
1876 211
211 5529
5529 1413
1413 6093
138 6093
768 138
6038 768
6038 2937
3187 2937
4729 3187
5542 4729
5542 5769
3806 5769
2299 3806
574 2299
574 1663
1663 6253
6253 4836
4836 2612
1131 2612
5890 1131
2608 5890
2608 6984
3880 6984
6413 3880
6413 5887
5887 4069
4069 6155
6155 5809
5238 5809
1557 5238
1557 1390
1390 4514
6356 4514
319 6356
319 2333
2333 1963
1963 2779
2779 954
954 1216
1811 1216
1811 2052
7030 2052
4917 7030
4917 6548
6548 5028
5028 1702
24 1702
5583 24
6188 5583
6077 6188
2360 6566
2360 839
3362 839
3362 1097
1097 4797
4797 5706
5706 2481
1785 2481
1785 1257
5478 1257
5388 5478
5388 2361
2361 5001
81 5001
81 137
2110 137
2110 3046
4491 3046
4491 4655
4655 3692
2893 3692
2893 4646
4369 4646
4369 4902
829 4902
829 1309
2740 1309
1861 2740
1861 2344
2344 4441
3625 4441
1592 3625
1677 1592
1677 3561
1591 3561
1591 1755
3208 1755
4982 3208
5449 4982
3052 5449
3052 5667
5667 2140
2127 2140
2127 5235
5049 5235
2595 5049
2595 3239
745 3239
745 1117
6118 1117
2114 6118
2114 4714
613 4714
613 4978
4978 2652
6134 2652
5926 6134
2856 5926
2534 2856
74 2534
2790 74
2790 4228
4228 5010
5010 1521
1521 5454
2730 5454
2730 3821
3821 5084
5084 6633
4541 6633
4541 3102
3102 2701
264 2701
264 4321
4321 6434
920 6434
3658 920
3658 6856
6077 6856
6708 5838
5838 693
693 1139
212 1139
4636 212
4636 377
377 295
2193 295
1969 2193
6264 1969
1840 6264
1244 1840
1449 1244
1449 1406
102 1406
102 2107
3036 2107
3612 3036
610 3612
1293 610
3497 1293
3497 2886
962 2886
962 6163
7021 6163
7021 2836
2836 4192
4192 2181
6266 2181
6266 5556
4063 5556
4063 3763
3763 5109
5109 445
414 445
6869 414
4263 6869
270 4263
1364 270
1528 1364
162 1528
2538 162
2538 2448
2896 2448
4871 2896
3204 4871
4156 3204
4156 1631
1631 485
485 5648
5648 3831
2212 3831
2155 2212
2155 5162
5162 409
4160 409
4399 4160
4188 4399
4188 3885
4816 3885
3344 4816
3344 6918
6918 2548
2548 885
885 182
1505 182
573 1505
573 2195
2195 6472
5565 6472
5565 2946
1536 2946
1491 1536
1491 4700
2413 4700
231 2413
291 231
4078 291
4078 6077
1734 4780
4459 4780
4459 5373
456 5373
456 2444
7006 2444
7006 3864
6646 3864
3075 6646
4338 3075
3296 4338
3296 2742
5762 2742
5762 1448
1448 5625
4814 5625
1815 4814
35 1815
35 3193
2103 3193
2103 3931
5459 3931
5459 2042
3329 2042
3329 1944
1944 6421
5863 6421
5863 3477
1550 3477
3201 1550
3201 4050
6936 4050
6936 263
263 3830
1524 3830
1524 5662
5662 3988
2863 3988
3498 2863
6957 3498
4518 6957
4518 3908
3908 6424
2654 6424
2654 6096
2599 6096
7015 2599
7015 5309
5309 4233
4233 3999
3999 38
958 38
958 2035
4533 2035
4533 2924
2924 2968
2968 5914
5914 1109
929 1109
929 342
342 514
1956 514
1956 5638
6593 5638
6593 681
2729 681
2729 6860
5371 6860
5371 2332
6514 2332
4654 6514
4654 3934
3934 4631
4631 6846
6846 2121
2121 4845
4845 1680
1711 1680
1711 6077
2124 3524
5931 2124
5931 3152
2091 3152
2091 4748
4390 4748
4390 4224
2412 4224
480 2412
480 5350
5350 2940
2940 492
2930 492
2930 4275
4275 2223
69 2223
69 3130
831 3130
831 4794
4794 3846
1497 3846
1497 5463
5463 6261
1327 6261
1327 4092
5301 4092
4093 5301
5395 4093
5395 4507
4507 6570
3584 6570
3584 20
20 117
5864 117
4229 5864
4229 3456
3456 6030
1183 6030
223 1183
3721 223
3721 6376
2180 6376
2168 2180
4685 2168
6195 4685
6195 7019
7019 4795
6611 4795
6611 5869
6750 5869
6750 2616
5976 2616
5976 2363
6022 2363
6022 2873
2270 2873
1324 2270
4044 1324
4124 4044
6373 4124
4051 6373
3983 4051
3983 3463
3598 3463
2589 3598
5759 2589
410 5759
6940 410
6940 3460
3460 698
698 3096
3096 1326
1326 620
6349 620
6349 5877
5877 2764
2764 6419
3646 6419
6077 3646
2325 5079
6781 2325
6781 3141
3141 3271
1503 3271
830 1503
4412 830
4412 3258
6108 3258
6108 2537
2537 2751
2751 2289
345 2289
1077 345
1077 6771
530 6771
969 530
4831 969
2989 4831
2989 3228
3228 2823
906 2823
6928 906
14 6928
1979 14
3917 1979
5194 3917
1533 5194
1533 478
3708 478
3708 1226
1226 4323
1993 4323
5280 1993
5280 3927
3927 1996
4447 1996
3890 4447
3890 6145
845 6145
845 5771
2820 5771
2820 6088
6088 6367
6367 3356
3298 3356
447 3298
3087 447
5329 3087
5329 5372
5372 3480
2130 3480
2144 2130
4740 2144
4740 1045
1045 6047
6047 3043
215 3043
2992 215
5379 2992
6942 5379
6942 61
61 2839
4909 2839
3007 4909
3007 4663
4663 5125
2808 5125
2808 4475
3219 4475
1984 3219
1984 77
77 6344
6344 4976
4976 6382
5184 6382
1368 5184
1368 4536
6077 4536
3185 2330
3185 6202
6202 4462
1221 4462
1221 7016
4647 7016
6995 4647
2639 6995
2639 3618
1728 3618
3767 1728
3767 5654
5654 2525
5687 2525
1851 5687
1851 1017
1017 4195
5261 4195
5261 4810
4810 5558
5296 5558
5296 2165
2165 3319
2905 3319
2905 3545
986 3545
986 2884
2340 2884
2340 6218
6218 6881
6881 3588
3861 3588
3861 4944
4944 1603
2364 1603
6768 2364
6175 6768
6175 3426
3802 3426
3802 1148
3528 1148
3528 3295
3295 6898
6898 3850
3850 6442
6947 6442
567 6947
567 4667
4667 1174
1174 5916
5916 203
203 2687
4820 2687
4820 3406
27 3406
2528 27
2528 6317
6685 6317
6685 6826
6826 3919
3919 3744
3744 3874
5331 3874
5331 2487
527 2487
5038 527
5038 4851
4851 2551
2551 3053
3053 6169
6169 4239
1529 4239
1529 3384
3384 143
143 6924
5932 6924
3879 5932
3697 3879
6077 3697
6161 4867
3172 6161
10 3172
10 1590
4790 1590
4790 6885
5742 6885
5742 887
2996 887
2754 2996
2084 2754
206 2084
206 2254
2254 3111
1476 3111
6565 1476
6565 4695
4695 5273
6384 5273
1909 6384
1909 2171
2171 2324
494 2324
494 1093
1777 1093
6780 1777
4109 6780
6465 4109
6465 1806
1806 865
6235 865
5468 6235
5468 6129
6129 6461
6313 6461
6313 2783
2783 5831
3556 5831
433 3556
3567 433
3388 3567
3388 3432
6686 3432
6686 5740
3672 5740
3672 5978
5978 2656
5827 2656
6303 5827
925 6303
1844 925
2501 1844
1655 2501
76 1655
3251 76
3251 5363
5363 6817
6817 3459
3564 3459
3564 646
2795 646
4569 2795
4569 5716
2198 5716
2198 6269
4437 6269
1352 4437
632 1352
632 809
809 6451
9 6451
9 3517
3517 4495
4495 1465
6431 1465
6431 587
2983 587
2983 1974
6077 1974
4099 1430
5533 1430
5533 4626
4626 4977
4977 6972
6972 127
6439 127
6439 5278
5278 5977
5977 5920
3112 5920
5530 3112
2620 5530
2620 216
6314 216
3392 6314
3650 3392
3650 731
731 2034
2220 2034
2736 2220
5464 2736
5464 1551
937 1551
4980 937
4980 2433
2433 1988
1988 2691
2691 326
6509 326
6509 1315
3984 1315
3984 4319
1052 4319
6058 1052
6058 2802
2802 6499
6992 6499
4403 6992
3676 4403
1111 3676
1111 1151
1151 461
6875 461
6875 4674
4674 2253
2253 3232
2055 3232
2055 1345
1345 1471
4660 1471
4660 1199
3748 1199
5957 3748
2677 5957
2323 2677
5783 2323
3030 5783
6731 3030
3937 6731
3937 4116
4116 826
826 6117
6117 4339
4339 5267
5267 3559
3559 3422
3422 5030
5030 2267
2945 2267
2945 6979
4648 6979
4648 3104
3104 6568
6568 6505
6505 938
4325 938
4325 1570
6077 1570
2578 4320
2578 3195
3195 1288
2969 1288
3948 2969
5911 3948
5911 3944
5727 3944
1240 5727
1240 4576
4576 917
6198 917
6198 6324
6324 5581
5581 294
4286 294
3745 4286
5082 3745
4570 5082
4570 4066
4066 5285
3278 5285
4691 3278
3551 4691
4616 3551
2339 4616
580 2339
1866 580
4931 1866
4931 5477
3733 5477
4033 3733
4033 686
6094 686
3993 6094
3993 3534
5195 3534
4328 5195
6147 4328
3448 6147
3448 4850
4850 2076
2076 5007
4485 5007
4485 5187
4891 5187
4891 2077
1509 2077
6443 1509
6443 2770
2770 5407
5798 5407
5798 4184
4184 6401
784 6401
4854 784
4131 4854
4131 4892
1344 4892
1344 5050
1481 5050
3814 1481
6610 3814
6610 3597
827 3597
827 1696
5220 1696
5220 1981
792 1981
5081 792
5081 5743
5743 4708
796 4708
796 4634
4634 1872
1132 1872
1132 6776
6776 6282
6282 6077
3389 3061
6797 3061
3274 6797
998 3274
3213 998
5956 3213
734 5956
1489 734
1489 1492
1492 5913
5913 800
800 5723
3419 5723
3419 2485
4783 2485
4783 4456
4456 47
47 5088
5088 2092
5993 2092
5993 442
5968 442
4975 5968
5645 4975
5645 3145
3145 3225
2184 3225
4377 2184
2350 4377
2350 427
5619 427
5619 6254
6254 5945
5945 2268
2944 2268
2944 101
101 6661
6449 6661
6449 5239
3068 5239
169 3068
1841 169
1841 2151
4284 2151
2513 4284
2513 6723
6723 506
506 4274
2829 4274
2829 3713
3838 3713
3838 636
1564 636
3162 1564
3162 1359
1359 5522
5522 3808
3808 5415
5415 3212
3289 3212
3427 3289
3427 5537
2436 5537
2436 2582
2582 2568
2568 6851
3884 6851
5999 3884
5999 4138
4138 3252
5979 3252
5979 3499
2834 3499
1623 2834
1623 1350
5562 1350
5362 5562
5362 1456
6077 1456
3245 6286
4601 6286
4601 5102
497 5102
497 2097
2097 833
833 2821
6256 2821
1873 6256
1873 4159
5410 4159
6456 5410
6456 5413
5413 1284
1284 3366
3366 4563
4563 5766
2865 5766
4048 2865
4048 284
3393 284
6418 3393
6418 4759
4759 2950
2346 2950
2346 666
6792 666
1768 6792
903 1768
586 903
6242 586
6242 5275
5275 5186
5186 2748
2748 4415
4415 3487
5234 3487
5234 1715
1371 1715
1767 1371
696 1767
696 3301
3301 317
3636 317
3636 551
551 4703
4703 5277
4897 5277
4897 1721
1721 1169
4540 1169
4540 2953
1719 2953
1719 3858
3858 2302
2302 1972
4858 1972
4858 2041
737 2041
737 4503
2623 4503
2623 2676
2676 6504
6504 5131
4927 5131
4326 4927
4326 3300
3300 3428
3428 5936
5725 5936
4527 5725
4527 4664
4664 2731
3283 2731
3283 6422
6422 2396
6935 2396
6935 2429
2429 6077
2085 4024
2085 4587
4587 842
842 3491
3667 3491
3667 2341
2341 50
50 6786
3261 6786
3261 3176
5944 3176
5944 5689
601 5689
2203 601
5441 2203
5181 5441
5758 5181
6221 5758
5112 6221
5134 5112
5134 3069
3069 6205
2974 6205
2974 6404
5370 6404
5370 6497
6497 6537
6824 6537
6824 1641
5328 1641
5328 1559
1559 3027
4136 3027
5429 4136
3605 5429
3605 667
1252 667
1252 1002
4832 1002
4832 1120
1120 1295
1295 1382
1382 511
4161 511
753 4161
753 561
3601 561
2163 3601
194 2163
2737 194
1037 2737
1037 4030
4030 6259
2841 6259
823 2841
823 2452
2452 1409
1409 6501
3345 6501
2313 3345
1660 2313
6554 1660
6554 4002
4002 5247
5247 7013
7013 3191
931 3191
931 3148
3148 146
1275 146
1275 1547
5830 1547
5830 4493
6800 4493
930 6800
930 4808
4808 2991
2991 1062
1062 6077
741 5816
5816 2789
4547 2789
5215 4547
5215 315
315 3640
3640 1913
1913 3539
3539 2201
2201 3327
3327 4990
4990 3665
5801 3665
395 5801
395 5064
5064 6850
2618 6850
5501 2618
5501 1915
1915 5258
5258 3248
3248 2995
2995 6706
3978 6706
6877 3978
3263 6877
3263 557
557 4951
4951 1092
1092 6087
6087 6004
6004 5547
94 5547
4487 94
6428 4487
6428 3262
3262 554
554 3840
713 3840
1499 713
1499 6558
6558 1440
1411 1440
31 1411
31 4458
4458 374
5424 374
5424 815
815 1713
147 1713
2304 147
2230 2304
2230 2713
2713 4060
1056 4060
4513 1056
4513 4971
3372 4971
3372 1258
2504 1258
2504 679
679 3828
3828 4380
872 4380
3832 872
6012 3832
6012 846
1230 846
1230 523
523 5145
5145 5696
5696 2570
449 2570
449 3308
677 3308
677 5892
5892 5466
1501 5466
1501 6077
596 3235
5955 596
5955 3677
3677 510
5832 510
2320 5832
1251 2320
1251 1646
4586 1646
1687 4586
1687 2847
2847 5804
866 5804
5886 866
3743 5886
4471 3743
1010 4471
1010 5872
5872 1607
1607 2563
3776 2563
6507 3776
3178 6507
3178 2516
3160 2516
6001 3160
3834 6001
3834 3485
5753 3485
330 5753
1318 330
1318 6762
6762 5369
2720 5369
4271 2720
832 4271
832 2322
2322 773
4819 773
1666 4819
1666 4534
4534 6098
6098 6589
387 6589
4575 387
1030 4575
4878 1030
4878 1831
1831 5178
5178 3852
515 3852
515 668
6572 668
6572 3773
331 3773
6833 331
1262 6833
2393 1262
2393 4166
5950 4166
3110 5950
5153 3110
5153 4391
999 4391
999 1057
519 1057
1256 519
1256 3127
867 3127
867 3641
3641 5635
5635 2990
651 2990
651 4855
4855 4525
6311 4525
6311 1799
4452 1799
4452 6077
30 5377
1790 5377
5226 1790
4210 5226
3390 4210
5790 3390
5790 3135
3135 598
4786 598
1622 4786
5292 1622
5292 2547
852 2547
1682 852
1682 5952
5952 4466
2919 4466
2919 193
193 2273
961 2273
961 3594
3594 945
4775 945
2819 4775
2819 5668
6136 5668
6136 1058
4716 1058
4716 276
5416 276
5416 6602
5767 6602
2197 5767
1321 2197
5599 1321
5599 6432
6432 981
981 6214
6214 5818
5818 1383
1383 148
148 4405
4405 3795
3795 6208
6208 2813
244 2813
244 6445
2912 6445
2793 2912
6590 2793
6590 2542
2492 2542
2492 2342
1186 2342
1938 1186
524 1938
1204 524
1691 1204
804 1691
804 2083
2083 2734
6305 2734
2898 6305
42 2898
42 4787
5598 4787
4400 5598
6283 4400
19 6283
2925 19
1522 2925
3216 1522
3216 1759
2145 1759
3654 2145
4302 3654
4302 2997
6963 2997
6963 6077
1636 302
302 6989
4970 6989
2285 4970
2285 2015
417 2015
2100 417
1417 2100
1417 5385
4643 5385
4643 5348
5348 1304
1304 782
5669 782
5669 2861
2861 6975
6975 4598
4598 3513
3513 6803
6160 6803
6329 6160
901 6329
5174 901
5174 2960
2960 4366
4366 1709
3657 1709
3657 1532
1532 5951
6900 5951
6900 4872
477 4872
477 6067
3446 6067
3446 5087
4608 5087
793 4608
793 6841
6841 4461
4461 4003
1506 4003
2161 1506
2161 4354
4354 6564
6564 3809
3809 6539
6539 6446
3165 6446
623 3165
2327 623
1041 2327
2118 1041
2118 3519
3613 3519
3613 612
612 779
779 4046
4046 5148
5420 5148
5420 1202
3404 1202
3404 5540
558 5540
4718 558
4718 5023
5023 6725
397 6725
625 397
625 3473
3473 6104
6104 2682
2682 2108
2108 6113
6113 3568
7009 3568
7009 4305
3109 4305
3109 2318
6077 2318
1441 141
2921 141
2921 2993
2993 3964
2375 3964
6257 2375
6257 5152
5152 1271
6400 1271
6400 2860
3804 2860
6411 3804
5738 6411
5738 5726
5726 6640
1983 6640
5358 1983
5358 6704
6704 5623
5623 5390
4398 5390
3903 4398
3903 1807
6410 1807
6410 507
507 2051
6212 2051
6212 6399
6399 2712
2712 4904
4183 4904
4183 1343
1343 2149
2149 4918
1809 4918
1809 873
3678 873
3678 6114
6114 2482
2482 6503
1019 6503
1019 381
381 2657
2657 1292
1292 5179
5150 5179
5150 413
413 3728
2001 3728
992 2001
6962 992
6926 6962
6667 6926
6667 1362
4842 1362
4842 5682
5682 2471
1921 2471
6425 1921
1187 6425
6981 1187
704 6981
704 3753
6436 3753
6436 3772
4499 3772
5808 4499
871 5808
871 4933
5850 4933
706 5850
706 425
425 4100
4100 6279
6279 5318
5318 4796
4796 2307
2307 2122
2122 6077
1206 4236
1206 2733
2733 1791
1791 6663
1407 6663
1407 4678
4011 4678
5222 4011
5222 2607
2607 1952
6292 1952
6292 2398
3574 2398
4384 3574
4384 5303
5303 3661
3661 4173
4173 5068
5068 6755
6755 6196
3359 6196
3359 4989
4989 3730
3730 1955
1955 2266
2266 921
64 921
539 64
2280 539
2280 3292
3292 360
1235 360
1415 1235
1415 399
399 5969
5969 6017
2154 6017
2154 6370
6370 4593
3952 4593
4072 3952
2927 4072
2927 4545
4545 4342
4342 3079
1394 3079
1394 2572
7005 2572
7005 170
3139 170
5039 3139
1124 5039
6380 1124
2629 6380
2629 963
963 5731
3034 5731
2673 3034
2673 3649
3649 2939
5647 2939
349 5647
349 3811
3811 392
1899 392
1843 1899
1843 6343
5507 6343
5507 4080
213 4080
3364 213
3364 5158
5158 1325
1325 3758
838 3758
838 4004
5713 4004
624 5713
624 6077
1437 6476
1437 5965
1584 5965
4022 1584
4022 4706
6154 4706
4027 6154
6239 4027
6239 6379
3779 6379
6884 3779
6884 4873
4873 6463
6463 1744
1744 2697
5291 2697
4532 5291
4515 4532
4515 922
922 1565
6042 1565
1599 6042
6474 1599
2894 6474
2894 3060
3060 835
835 1085
5085 1085
5085 1836
1836 3309
879 3309
6598 879
6598 4841
4841 1310
391 1310
391 6184
6184 6144
6144 6158
6158 5754
5975 5754
4544 5975
6377 4544
6377 4859
4859 2843
2843 5733
5733 6127
6127 3502
3502 1789
1789 1011
1011 5779
5779 2424
2424 878
878 4511
4511 2372
2372 6569
6569 6932
2848 6932
2848 4076
4076 4736
3555 4736
3555 5052
5276 5052
5276 5683
5683 6351
1937 6351
1937 1300
1300 3694
3694 3836
3836 1681
837 1681
837 2128
2128 3644
2185 3644
2185 6080
1567 6080
5077 1567
5770 5077
5770 2725
2725 6077
1064 5810
5810 5590
2073 5590
2073 5207
5752 5207
1688 5752
1106 1688
1106 4439
5915 4439
1112 5915
1112 4277
4946 4277
4946 6778
6778 3336
3336 3604
3604 5312
4921 5312
5324 4921
5324 1269
1269 185
6281 185
1572 6281
1572 6255
6255 5946
4488 5946
4488 1268
2928 1268
1370 2928
3489 1370
3489 6295
4837 6295
4837 6617
6617 3751
2719 3751
2719 5841
5841 1294
1294 2423
1197 2423
1237 1197
1237 6701
4176 6701
1600 4176
1600 3272
3272 484
2507 484
2507 2229
5121 2229
5376 5121
4329 5376
1620 4329
1620 178
178 2980
2980 2862
2403 2862
2403 120
5428 120
5428 3166
4434 3166
4434 5875
5117 5875
5117 3412
3412 3011
5964 3011
2007 5964
6883 2007
6883 5071
2621 5071
4552 2621
4552 132
3620 132
174 3620
5154 174
4097 5154
4097 2535
2535 22
22 2830
2830 1517
1517 384
384 6077
3242 5070
5070 2311
611 2311
611 6183
6183 6946
6662 6946
6662 595
4127 595
4127 6796
1958 6796
1042 1958
6232 1042
6232 4693
4615 4693
4128 4615
7007 4128
7007 195
195 6092
6092 3288
3288 5212
5212 4954
4954 6471
109 6471
109 2998
2998 4158
4158 6142
6142 3050
4232 3050
4232 2387
2387 3284
3284 5191
5191 5000
5000 5608
6943 5608
1515 6943
1515 4163
4273 4163
4273 2869
2869 2626
2976 2626
2976 4735
4735 3184
3184 1435
1435 424
424 4590
4590 1433
2425 1433
2293 2425
2293 2036
2036 4059
4059 3615
825 3615
825 6980
6980 2069
3119 2069
254 3119
254 2926
2926 4981
6938 4981
6938 4401
4401 5472
5472 5719
5044 5719
535 5044
535 2298
5889 2298
6517 5889
6517 2824
928 2824
928 5516
5516 1604
1604 4973
4973 67
67 5364
6832 5364
2204 6832
2204 1423
1423 680
6077 680
689 5789
5789 2567
2567 1895
5814 1895
5814 4605
4039 4605
4039 5724
177 5724
1247 177
3766 1247
1335 3766
1335 4208
2129 4208
2129 6672
6672 759
759 43
4426 43
2797 4426
346 2797
5712 346
2347 5712
2347 2287
6315 2287
6315 6802
4139 6802
1535 4139
6215 1535
4307 6215
4307 6057
4751 6057
4751 6089
6089 204
204 5972
5972 1877
1877 393
393 6487
2822 6487
3616 2822
3017 3616
382 3017
5903 382
5903 2177
2177 1968
1968 568
568 2727
2727 1136
2556 1136
1519 2556
1671 1519
520 1671
520 3132
3132 2941
1879 2941
1879 5165
1835 5165
1835 1813
1813 253
253 44
44 3509
3509 1402
466 1402
6164 466
2810 6164
2679 2810
615 2679
4762 615
4762 2018
3935 2018
2343 3935
4558 2343
4558 1803
1803 2080
2080 6082
6082 4392
4392 1741
1741 1526
1526 1410
1410 6739
6739 6077
5924 224
4299 5924
4299 2247
2247 3565
6362 3565
6362 6109
6109 656
656 3784
3784 3281
3281 3801
428 3801
428 1884
1884 4582
4863 4582
6274 4863
6274 3395
2710 3395
4025 2710
1922 4025
5115 1922
5115 2636
4464 2636
4843 4464
4843 2030
2030 1080
1080 3340
4362 3340
5947 4362
99 5947
99 2760
5099 2760
1568 5099
1568 3723
3723 2303
5847 2303
811 5847
3768 811
3768 3949
1624 3949
6227 1624
4833 6227
4572 4833
4572 5793
5509 5793
5509 6711
6711 1060
1060 4133
1184 4133
1184 1089
2354 1089
5113 2354
4175 5113
4175 3294
5513 3294
5513 688
2488 688
2488 6189
6189 2135
5196 2135
5196 246
246 2933
2933 4249
4249 4521
440 4521
5852 440
5852 2373
6735 2373
6735 4756
4756 2496
2496 5137
1166 5137
6901 1166
6901 5200
5200 916
916 3930
3930 179
1786 179
1786 1068
6077 1068
2973 6128
1477 2973
2560 1477
3116 2560
3116 6130
6879 6130
6879 4258
4258 6692
5532 6692
2276 5532
2588 2276
1731 2588
1731 6970
6970 3876
1802 3876
977 1802
977 4668
4668 385
385 6119
4880 6119
3190 4880
3190 6192
3579 6192
390 3579
390 5075
5075 4661
4661 5919
5919 1319
6059 1319
3323 6059
5496 3323
5496 3693
3693 1380
3114 1380
3114 3124
3996 3124
1395 3996
1395 59
59 1854
1854 2068
2068 311
311 1751
1751 2756
5989 2756
5989 1614
1614 3370
3370 3054
4201 3054
1975 4201
1975 2205
2205 760
1055 760
1055 430
1518 430
1487 1518
1487 4419
157 4419
157 4335
1228 4335
3234 1228
6181 3234
6181 339
339 2187
2187 722
722 1740
1740 4847
4847 6364
6364 4348
4348 2172
2172 3315
3315 4992
4992 1743
1743 6651
1387 6651
1387 1250
1250 5253
5253 6613
6973 6613
6973 6077
956 6631
956 4562
4562 1317
6393 1317
6393 1377
1377 6387
2601 6387
2601 5056
5949 5056
6040 5949
79 6040
5661 79
5661 2356
2356 3125
4061 3125
4061 1571
4410 1571
4410 4337
4337 2353
2353 6816
6816 4479
4479 6477
6477 1856
1856 1848
1848 3857
3857 5519
209 5519
6822 209
6822 4504
4504 3835
6951 3835
6649 6951
6649 6441
5934 6441
1104 5934
1104 6895
6827 6895
6459 6827
6459 1078
1078 5475
5475 1114
1114 1351
1027 1351
4141 1027
3265 4141
4397 3265
5741 4397
5741 2688
2688 6618
6618 2708
2708 3441
3441 1144
518 1144
518 6352
6352 5673
6390 5673
6409 6390
6409 5631
5631 268
268 4635
6629 4635
6629 5512
5512 6765
5883 6765
1588 5883
2999 1588
4318 2999
4318 3326
6340 3326
6340 5980
5763 5980
5763 5588
2792 5588
3829 2792
3829 3741
3855 3741
853 3855
4207 853
6077 4207
2587 6366
1213 6366
1213 5806
5806 6676
6676 3476
3476 2761
1675 2761
4468 1675
4468 3585
3585 4594
3076 4594
3076 4216
1869 4216
1869 6268
6268 2158
2158 6302
4106 6302
4443 4106
4443 3856
3856 2569
2569 5270
5967 5270
5757 5967
5757 6398
4000 6398
5319 4000
5319 4914
4914 1248
5189 1248
3967 5189
3967 5098
3033 5098
4034 3033
4034 3981
5545 3981
5545 6270
6270 3470
3470 2009
2009 4053
1630 4053
359 1630
359 4749
4749 1073
2464 1073
2464 3520
3520 5313
5313 5621
5621 3418
198 3418
1012 198
3082 1012
324 3082
324 1007
2617 1007
703 2617
5739 703
3437 5739
6391 3437
6391 4095
4095 3071
3071 3701
3701 3012
3012 152
152 2377
5287 2377
5287 2189
4983 2189
3205 4983
3205 4363
1458 4363
4254 1458
5756 4254
5756 3378
4868 3378
4868 6213
6213 1389
1389 493
493 6794
6077 6794
6528 803
6528 5143
5143 3892
951 3892
951 2087
2087 1901
1901 1384
6896 1384
6896 2418
2418 912
912 2565
2565 6653
6653 4327
4327 5709
78 5709
3586 78
2544 3586
2544 673
673 5272
4278 5272
6575 4278
6575 2410
2410 3009
650 3009
650 5470
5470 5005
2897 5005
2897 4433
4433 2994
2781 2994
2781 4056
766 4056
559 766
559 6041
6041 6368
4303 6368
1034 4303
6587 1034
6628 6587
3788 6628
3788 441
2683 441
5323 2683
691 5323
691 3985
241 3985
5015 241
1149 5015
3515 1149
3515 125
3956 125
1882 3956
1882 5675
2750 5675
2750 5433
5433 100
100 4276
4276 1307
1307 910
2143 910
742 2143
1605 742
1605 2150
3218 2150
6665 3218
4890 6665
4890 6064
6064 6555
6810 6555
6810 1784
40 1784
40 5260
5260 1154
378 1154
378 6455
875 6455
875 2278
2278 5342
5342 6077
4094 4315
2476 4094
2476 4223
4223 1896
1896 3025
3025 3020
3128 3020
6299 3128
6299 2081
2081 2038
5784 2038
5642 5784
3445 5642
3445 4219
6867 4219
1597 6867
6234 1597
2386 6234
2498 2386
1466 2498
481 1466
481 6277
6277 5057
563 5057
771 563
771 836
836 2816
2816 5963
5686 5963
6248 5686
2550 6248
2550 3400
128 3400
104 128
5016 104
1038 5016
1038 4750
4750 5444
6744 5444
6744 4148
479 4148
479 73
2552 73
5518 2552
3153 5518
3153 2738
2738 880
880 905
6805 905
5096 6805
1008 5096
2596 1008
3980 2596
4522 3980
4522 6682
6682 4028
3709 4028
3709 4469
655 4469
1990 655
4381 1990
4381 1054
1054 5008
5008 2723
1162 2723
1162 5663
2852 5663
2852 2646
2646 5381
1176 5381
2294 1176
3385 2294
11 3385
6782 11
4101 6782
2922 4101
2922 4694
389 4694
6077 389
5745 1951
5885 1951
6033 5885
5245 6033
3602 5245
3602 3405
639 3405
639 4528
4528 1420
6083 1420
6481 6083
5559 6481
2244 5559
4194 2244
4194 1459
4745 1459
4745 4209
2454 4209
2454 5611
5611 2023
4017 2023
4017 1964
3995 1964
3995 4357
4357 6727
6727 4344
4064 4344
5014 4064
5897 5014
5897 5632
697 5632
697 584
5378 584
5333 5378
5333 5549
5549 3542
5473 3542
4221 5473
6260 4221
3374 6260
3374 5244
5244 5580
5580 496
496 2826
5803 2826
5803 3157
3157 4662
4288 4662
2541 4288
6585 2541
1018 6585
747 1018
5692 747
1658 5692
2644 1658
3554 2644
4595 3554
6597 4595
6594 6597
1779 6594
6888 1779
6888 6922
6922 692
692 1133
1133 3942
347 3942
1276 347
1276 6808
3450 6808
3450 6542
6542 5564
5564 3933
5054 3933
5054 5748
2178 5748
2178 4336
4081 4336
4081 1748
1748 6077
1797 6945
6945 1852
1852 495
495 5871
6132 5871
6081 6132
6081 1167
1167 469
469 1694
1015 1694
4414 1015
4414 1283
1283 84
5701 84
2156 5701
5715 2156
5715 4915
4915 2606
2606 4988
3796 4988
3796 3671
5906 3671
5906 1833
1833 6959
6959 4130
4130 4040
2053 4040
2053 6596
6596 6290
6290 4096
4029 4096
4029 4494
603 4494
404 603
404 2196
2196 3335
3335 4104
4104 3543
6207 3543
6207 6974
6974 6120
5192 6120
5192 4295
2328 4295
403 2328
403 5751
5751 1366
1366 5879
5879 4045
4045 6452
3928 6452
3928 2469
6687 2469
3538 6687
2376 3538
2376 900
6091 900
6091 2440
2440 4262
4262 3913
3913 2975
2131 2975
2131 1864
1864 2895
1242 2895
2225 1242
2225 5525
4903 5525
972 4903
1765 972
2243 1765
6433 2243
6433 1211
1211 5034
5034 12
12 4566
4566 4811
4811 5629
6077 5629
6702 6622
2907 6702
2907 3871
5233 3871
5233 3081
3081 2699
3415 2699
3415 4901
4901 1363
5998 1363
582 5998
1617 582
1617 4214
4214 4068
4068 2365
6475 2365
806 6475
806 1905
849 1905
5224 849
5224 4001
4311 4001
994 4311
994 3317
1398 3317
1398 4969
161 4969
161 1083
1083 5749
5749 533
4585 533
4585 4255
4255 2825
1838 2825
6143 1838
6143 6812
6812 5691
630 5691
6718 630
6718 552
552 2521
2521 5681
86 5681
86 1298
5935 1298
2453 5935
2453 5484
4509 5484
4509 4553
4553 6788
6788 287
1442 287
1442 6326
6326 562
562 820
820 2170
2170 1723
1723 1145
4995 1145
4995 2430
634 2430
5859 634
2037 5859
730 2037
730 2605
1029 2605
1265 1029
1265 1642
1253 1642
2602 1253
2602 2213
2213 498
4967 498
6394 4967
4347 6394
6736 4347
1361 6736
1361 2647
6077 2647
6491 7010
6491 1126
1126 3599
974 3599
5500 974
2935 5500
2935 4121
4121 4193
4193 45
4360 45
4360 3006
3006 5203
5203 1928
1928 6106
6106 6265
6265 3800
3800 890
6494 890
6494 68
68 412
5266 412
5266 3013
3013 2486
107 2486
4301 107
4301 2296
5688 2296
5656 5688
5656 3065
3065 1155
4993 1155
4870 4993
4870 6878
6878 904
4623 904
749 4623
3035 749
3035 3860
589 3860
589 5605
4875 5605
4875 675
675 546
6378 546
6378 5176
5176 570
3738 570
6595 3738
6595 2741
763 2741
300 763
300 3810
3810 1338
1338 6547
5746 6547
5746 6828
6828 1933
3969 1933
6994 3969
6994 6110
6110 4058
455 4058
2951 455
2951 3099
3099 6699
6699 3630
3630 513
513 775
775 3851
6347 3851
6347 2785
2785 5282
6396 5282
6396 5352
4865 5352
4865 3573
6159 3573
2441 6159
2441 6077
3869 1649
3869 5340
3094 5340
3094 6599
3097 6599
3097 2988
5135 2988
5135 1760
6021 1760
6021 1274
1274 1127
4529 1127
4529 36
36 2329
1033 2329
1033 4779
774 4779
2746 774
2746 1973
1973 1486
4358 1486
4358 2555
1595 2555
1595 5387
5387 794
794 4199
550 4199
5060 550
5060 6904
6904 5151
5151 7029
7029 1645
1645 1379
4481 1379
3440 4481
448 3440
1414 448
1967 1414
1445 1967
6150 1445
509 6150
4231 509
2901 4231
3496 2901
1447 3496
4118 1447
4118 7028
5929 7028
758 5929
758 4960
6642 4960
6642 5937
3423 5937
2468 3423
3077 2468
4370 3077
4680 4370
6244 4680
6244 2397
2397 575
6203 575
980 6203
453 980
3552 453
6397 3552
2426 6397
2426 1581
1581 5018
5018 5283
4728 5283
4728 4098
4098 3430
3430 2524
4665 2524
5427 4665
4574 5427
4574 6740
1725 6740
1725 6077
4618 75
5992 75
6416 5992
6416 3714
3714 1770
4120 1770
4120 1947
4057 1947
3607 4057
3607 2358
2358 5474
5474 3655
3123 3655
3123 2585
932 2585
4625 932
4565 4625
4565 3363
5498 3363
5498 2349
4827 2349
4827 3878
3878 5118
5118 769
4517 769
2882 4517
5693 2882
5693 6550
6550 532
532 897
4657 897
783 4657
783 1539
2309 1539
6285 2309
6285 2533
4435 2533
3306 4435
3306 5120
5120 2777
3992 2777
3992 1573
819 1573
4343 819
3955 4343
1648 3955
6335 1648
5874 6335
5061 5874
5061 5487
5602 5487
6712 5602
6712 6724
6724 1997
1997 2331
5009 2331
5009 4296
1819 4296
1819 1467
1467 1392
1392 657
6470 657
6470 505
505 1022
2832 1022
2832 5982
273 5982
4143 273
4551 4143
4912 4551
4912 1386
1386 5190
3150 5190
3894 3150
7004 3894
301 7004
6289 301
6289 3589
3589 6077
6025 4830
151 4830
151 6844
6844 5227
5227 4283
4355 4283
4355 4037
3547 4037
4752 3547
1998 4752
6688 1998
6688 3371
3371 5983
967 5983
967 2817
2817 5426
5426 3595
5524 3595
5524 5805
5805 6787
6787 5314
5314 6152
733 6152
3257 733
4602 3257
4372 4602
1312 4372
1312 5785
5785 2910
1716 2910
6085 1716
3749 6085
3863 3749
467 3863
467 6545
6545 2778
2778 4484
6874 4484
2455 6874
2455 5928
3203 5928
3203 1729
1469 1729
4478 1469
4478 1560
859 1560
3129 859
5971 3129
1159 5971
4483 1159
122 4483
122 860
860 4722
4722 2759
2630 2759
4170 2630
6756 4170
6756 2966
593 2966
5653 593
645 5653
645 4948
4948 5405
5600 5405
5600 5640
5640 4267
4267 17
17 2518
660 2518
660 4430
3471 4430
2317 3471
2400 2317
2400 756
756 5040
5040 5555
5555 5462
5462 4705
4705 6077
6882 3059
6985 6882
3279 6985
3670 3279
3756 3670
3756 5058
5058 6734
4739 6734
2771 4739
2771 1706
1706 886
1739 886
4638 1739
4638 39
39 6013
6013 3051
1736 3051
1911 1736
1911 3063
3063 3907
776 3907
776 3083
3083 3058
3058 6312
6312 5083
4014 5083
4014 2592
1940 2592
1940 2877
2877 5891
371 5891
379 371
379 3635
3635 3673
1443 3673
4420 1443
4420 1957
2058 1957
5896 2058
5896 6375
6375 5707
5707 361
361 1233
1233 1558
1558 3425
3425 2913
3466 2913
2162 3466
6626 2162
6626 149
6178 149
1639 6178
3951 1639
6894 3951
6894 767
767 4018
4018 2300
2300 3923
3923 1839
2986 1839
2986 3457
3457 5699
5699 3255
5051 3255
690 5051
690 3817
5845 3817
5845 6002
3786 6002
785 3786
2337 785
2828 2337
2828 2385
2408 2385
2408 3237
3237 6552
6552 5539
5772 5539
5772 6077
3575 6141
6141 3746
3762 3746
5299 3762
5299 5297
5297 16
16 4373
6353 4373
6353 3973
3973 4526
2707 4526
2707 1561
1942 1561
3898 1942
6848 3898
6848 344
5678 344
3455 5678
5122 3455
190 5122
6955 190
6955 4899
4899 3976
3976 3037
3037 4535
4535 3454
3454 6300
5511 6300
2942 5511
2942 1451
4067 1451
4067 1880
1880 56
4409 56
4409 4879
4879 5893
5996 5893
5996 6986
6986 6018
6018 5780
6703 5780
6703 228
2059 228
3227 2059
3227 6899
3042 6899
5649 3042
5649 1608
4821 1608
4821 1480
1480 2290
3492 2290
3492 2074
2074 736
736 3535
3535 6065
4297 6065
4297 841
841 2717
2717 6606
6606 821
821 3882
2625 3882
2625 3624
2977 3624
907 2977
907 4610
4610 6100
3504 6100
3504 6438
6438 4496
6258 4496
4727 6258
4727 2769
2769 1962
1962 325
325 2235
4361 2235
6077 4361
4543 4578
4578 6775
1214 6775
3872 1214
6070 3872
6070 2987
4477 2987
4477 2380
2380 1650
6105 1650
6105 3501
3501 5974
5451 5974
5451 5829
5829 705
3924 705
3924 3230
3764 3230
3764 2314
2314 6977
5002 6977
1452 5002
1452 797
283 797
283 516
516 6891
3778 6891
3778 805
805 5792
5792 3623
3623 5821
3782 5821
3782 1773
1773 795
795 93
6696 93
6696 3402
3911 3402
3911 5414
5414 2132
2132 4697
3318 4697
3318 5089
5089 5439
5439 6458
6458 952
952 1816
1816 7027
6549 7027
6549 6538
6275 6538
6275 4754
2415 4754
2415 4026
4026 5435
5334 5435
5334 5341
5341 3905
6652 3905
5865 6652
4949 5865
2523 4949
789 2523
2522 789
2522 2236
2236 712
5300 712
5300 721
1282 721
2876 1282
6124 2876
6026 6124
4508 6026
4508 3735
3735 1434
1434 5824
5824 6086
6086 1245
6077 1245
6095 6211
6137 6095
617 6137
1686 617
5626 1686
5013 5626
5013 5563
4846 5563
2014 4846
2014 764
6519 764
3839 6519
3839 4225
3596 4225
3596 103
4474 103
4389 4474
1381 4389
1381 950
950 6246
6246 423
423 5657
5657 2146
1511 2146
1511 643
643 602
6527 602
5592 6527
5489 5592
5489 4690
6559 4690
6559 3143
3958 3143
6006 3958
1357 6006
5880 1357
3904 5880
3904 6779
266 6779
266 2234
3893 2234
3893 4182
4282 4182
4282 2404
2404 4252
4252 3790
2169 3790
405 2169
405 6453
6453 3537
4869 3537
2233 4869
129 2233
247 129
247 1894
1894 542
542 5197
5197 4835
3634 4835
2134 3634
3453 2134
3453 6818
6818 234
234 2470
2735 2470
370 2735
1766 370
3752 1766
3752 5578
6460 5578
6460 1574
5491 1574
5491 1850
1850 3023
2095 3023
4043 2095
37 4043
37 6050
6050 6077
3583 1652
2020 1652
2020 5791
1067 5791
1067 5857
5857 4613
2755 4613
2755 6074
6074 5355
1891 5355
5694 1891
5694 4375
314 4375
934 314
934 5528
3290 5528
3290 5431
1860 5431
1860 5349
5349 2503
4467 2503
4467 1971
6417 1971
89 6417
89 1883
1883 1890
4082 1890
1659 4082
908 1659
6358 908
6358 6551
1090 6551
131 1090
131 4290
6371 4290
2593 6371
2593 91
5927 91
5046 5927
5046 4612
4612 6284
6284 2228
2228 1902
236 1902
236 6066
6066 6381
6381 2681
2252 2681
2252 341
6 341
460 6
6603 460
6603 1254
1254 6294
6294 6097
5012 6097
5012 5961
3789 5961
5520 3789
6541 5520
6541 1527
1527 3267
1863 3267
1580 1863
1580 5834
2530 5834
4699 2530
4699 4247
3154 4247
5020 3154
5020 4150
2872 4150
2872 5380
5380 5628
1906 5628
4698 1906
4698 5029
5029 2581
6077 2581
2123 5483
2123 6361
6361 1152
989 1152
989 566
566 3120
3120 4853
4853 5093
6252 5093
3173 6252
1218 3173
1218 2044
159 2044
159 3005
4157 3005
4157 4074
4074 369
695 369
695 3424
3493 3424
3777 3493
3777 6427
914 6427
1474 914
1076 1474
1076 5835
2559 5835
2559 5499
5055 5499
5055 1339
1339 2066
2066 2632
2632 1538
1538 5138
5138 5392
5392 3131
3131 4446
5579 4446
5579 4792
3244 4792
3334 3244
3334 6495
3812 6495
2237 3812
2667 2237
2016 2667
80 2016
80 5383
543 5383
1540 543
6524 1540
6524 2918
2918 3794
6318 3794
1069 6318
2932 1069
2932 184
184 2908
3512 2908
3512 1072
1072 638
1826 638
1826 3929
3929 1611
199 1611
3313 199
3313 5458
1494 5458
4476 1494
4476 4881
4881 5063
1578 5063
5155 1578
2096 5155
2096 5302
1311 5302
6437 1311
6437 3273
3273 6077
5067 4828
6616 4828
6616 332
1798 332
2461 1798
2461 3922
1855 3922
984 1855
984 4394
4394 4153
4153 6997
6997 605
605 1205
1205 975
975 2065
2065 6233
6233 3820
1137 3820
6620 1137
3375 6620
1376 3375
1376 2260
3413 2260
4542 3413
4542 3926
3926 5177
5177 5495
5943 5495
2678 5943
2678 5180
6220 5180
6220 973
1128 973
1917 1128
200 1917
1970 200
1970 54
54 1488
1488 3963
5561 3963
5561 3548
3548 1978
5988 1978
5988 6492
6492 618
6060 618
6060 4958
6577 4958
6577 5249
5249 1468
2306 1468
2306 2562
2562 1761
1761 4898
3475 4898
997 3475
997 3724
3724 3946
1871 3946
3645 1871
1756 3645
2312 1756
2312 2258
6498 2258
6498 1404
419 1404
4785 419
4785 881
2609 881
2669 2609
2669 465
3416 465
3416 4289
2758 4289
2668 2758
2668 3975
3668 3975
3668 1724
1724 6077
1099 3844
3844 6107
6966 6107
5953 6966
5953 2462
2462 483
483 1369
5163 1369
2021 5163
2021 1582
1582 581
581 1102
1102 3991
3349 3991
3349 3571
1121 3571
1121 488
488 743
743 1846
1846 1286
1286 336
336 4
463 4
463 979
6488 979
95 6488
6944 95
6813 6944
6046 6813
6046 3108
1375 3108
2419 1375
2419 4500
583 4500
583 5330
4454 5330
4454 2255
3377 2255
4265 3377
4265 4114
4114 5032
4550 5032
4550 4997
6764 4997
5776 6764
5776 6921
6921 4331
4331 4152
4152 5639
1828 5639
1828 6176
6226 6176
3484 6226
3484 3530
3530 2186
5391 2186
4091 5391
5294 4091
3775 5294
3962 3775
4877 3962
1075 4877
1075 1081
5228 1081
5228 6770
6770 1830
1830 3866
3938 3866
6122 3938
6122 2390
6068 2390
6068 4926
4926 3987
4935 3987
1285 4935
1285 2362
2362 1135
1135 6055
6077 6055
6902 3527
6902 1432
2846 1432
2846 2484
2603 2484
2603 222
222 2762
1762 2762
1762 2321
3770 2321
4906 3770
3576 4906
1408 3576
3192 1408
3192 6429
2190 6429
1792 2190
1792 6262
1923 6262
3247 1923
92 3247
2788 92
2788 6273
3293 6273
88 3293
88 4019
6544 4019
6544 5389
6910 5389
1953 6910
1953 2818
2818 5846
5846 5436
5436 2370
1638 2370
1638 2812
3910 2812
4719 3910
2711 4719
4781 2711
4781 3268
191 3268
191 1322
1322 3506
4887 3506
4887 4766
3516 4766
4492 3516
4492 2182
123 2182
123 3346
3346 6490
6490 1496
5538 1496
5538 6103
6103 1305
1305 3121
6713 3121
6713 3883
3883 2539
6101 2539
5817 6101
5817 5492
5492 4916
4916 1436
1436 5861
5861 1087
3407 1087
3632 3407
2238 3632
4554 2238
4554 3500
3500 1991
3159 1991
5554 3159
1853 5554
1853 3171
6010 3171
6010 6077
3566 2047
3566 1192
2218 1192
2218 3957
840 3957
2791 840
2791 544
544 5321
5321 6157
609 6157
694 609
694 5396
5396 226
5107 226
5107 4021
3914 4021
3914 856
856 1966
5123 1966
6363 5123
6363 6864
6864 411
285 411
5548 285
549 5548
549 4731
3653 4731
6697 3653
6697 210
4266 210
313 4266
1086 313
5876 1086
5876 2142
2142 4994
4994 1587
3943 1587
6076 3943
1464 6076
1464 5246
5246 1171
1916 1171
5251 1916
4279 5251
4279 6133
1733 6133
6024 1733
5140 6024
2728 5140
2728 166
166 6759
4538 6759
4088 4538
4088 2106
2106 1177
1177 4042
4042 5353
5353 2714
2473 2714
2473 3990
3990 2048
2048 1585
1585 4777
5546 4777
5546 4349
6526 4349
6090 6526
6090 4966
4966 2060
2060 3823
6346 3823
87 6346
87 2634
5571 2634
4442 5571
4442 1347
1347 6454
6454 6949
6077 6949
6709 6893
6709 1985
6636 1985
6636 366
5655 366
6079 5655
6580 6079
5665 6580
909 5665
5402 909
5402 3397
6357 3397
6357 250
250 4197
5923 4197
5923 4619
6656 4619
2249 6656
2249 5173
2780 5173
4111 2780
2392 4111
5366 2392
5366 6872
6872 2724
2724 1243
1243 5720
5720 3126
3126 3044
3044 6958
3347 6958
547 3347
547 1949
1949 4934
4934 6934
6934 729
5229 729
5229 4923
1878 4923
1878 4436
6354 4436
3352 6354
4761 3352
4761 4861
4861 2851
2851 4472
3056 4472
2902 3056
2902 2316
2316 2326
816 2326
816 985
985 2295
4653 2295
3592 4653
3592 296
4651 296
791 4651
791 6125
6125 5800
2672 5800
3045 2672
4771 3045
6332 4771
6332 5264
5264 3018
3018 1196
6933 1196
5942 6933
5942 4023
2642 4023
2804 2642
4169 2804
4169 55
55 3304
501 3304
3803 501
3803 5210
5210 6077
5065 4198
5065 5614
5614 1261
1261 3572
5188 3572
5188 5412
5412 1862
5837 1862
6941 5837
6941 2119
2782 2119
670 2782
3722 670
3722 6019
6019 421
2806 421
4677 2806
4677 5157
2148 5157
2148 2005
2005 5774
5774 340
926 340
4941 926
4941 23
5734 23
3155 5734
1772 3155
2772 1772
834 2772
834 4548
4548 642
642 5418
5418 4809
4809 5183
3702 5183
4425 3702
1881 4425
1881 6582
6582 1918
6447 1918
5797 6447
5797 2434
2434 1044
1044 267
2010 267
2206 2010
1621 2206
1621 2183
6671 2183
6671 6056
6180 6056
6180 3920
2842 3920
1020 2842
1020 380
380 1662
5479 1662
5479 2505
5243 2505
4212 5243
6581 4212
6581 4596
2188 4596
2136 2188
4164 2136
4429 4164
4429 265
265 63
6219 63
6219 450
450 6853
6853 4242
1859 4242
1859 5453
4083 5453
2466 4083
5909 2466
5909 6077
3358 1180
3358 2833
5043 2833
5043 2064
2064 256
28 256
2591 28
2591 6553
6553 3626
6760 3626
6760 3210
3210 1718
2407 1718
2407 600
600 4770
735 4770
2871 735
2871 2655
6586 2655
6586 5126
2952 5126
4244 2952
2384 4244
2384 2614
2614 142
142 2043
2043 4146
3231 4146
5828 3231
4341 5828
2500 4341
2674 2500
2674 6135
1260 6135
6191 1260
6191 3679
3679 115
115 3631
663 3631
918 663
918 6372
6372 4965
4556 4965
4556 1579
6049 1579
4322 6049
4172 4322
2378 4172
2378 1989
1989 4089
348 4089
2152 348
4734 2152
4734 5069
5069 1259
1259 2369
2369 6480
6480 4313
683 4313
1847 683
1847 3325
3325 3807
5295 3807
5295 1689
1689 6131
6131 2382
3449 2382
3449 715
715 4929
6469 4929
6469 1644
6015 1644
6015 462
462 4607
4607 647
647 6914
6914 3902
3902 5106
6077 5106
3062 3214
3085 3062
3085 3761
3761 476
476 6790
5336 6790
4103 5336
4103 6508
6508 4943
5305 4943
3651 5305
3651 2800
1986 2800
3953 1986
5984 3953
5984 5047
2775 5047
2775 4682
4682 2694
5375 2694
5375 4251
4251 2768
4196 2768
6607 4196
5101 6607
5101 3074
5921 3074
5921 4470
4470 6897
471 6897
1278 471
1278 6915
6915 4721
5643 4721
6240 5643
3726 6240
3726 5652
5652 2226
2226 3146
1926 3146
4009 1926
4009 3870
3870 2334
2334 4945
353 4945
3000 353
3000 4324
3906 4324
2849 3906
2849 4611
4611 1889
1889 1122
1122 7008
4829 7008
4829 1115
1115 5552
3739 5552
6543 3739
259 6543
259 919
6186 919
5250 6186
5250 1028
2457 1028
2457 2546
3169 2546
1190 3169
1190 6754
6754 5141
307 5141
307 1898
6005 1898
5603 6005
5603 2888
2888 2216
2216 1393
802 1393
4230 802
4230 6077
2624 2659
1346 2624
6680 1346
2875 6680
3941 2875
3941 3474
3474 2082
2082 6843
6843 6576
6576 6029
6029 6998
4287 6998
1291 4287
6892 1291
3285 6892
2512 3285
1439 2512
1439 1334
1334 1219
2965 1219
2965 631
2604 631
1814 2604
4012 1814
4012 1629
1629 4637
1914 4637
1531 1914
1531 1893
1893 915
2006 915
2006 3732
5448 3732
4784 5448
1699 4784
3757 1699
3757 2575
474 2575
7 474
7 2359
2359 487
3805 487
3805 4561
4300 4561
4300 1610
2394 1610
1306 2394
5811 1306
5811 3887
3887 1006
1006 2874
2874 3939
3939 5607
1255 5607
4560 1255
4560 3581
2579 3581
2579 5022
5022 6374
5493 6374
5493 3118
627 3118
6976 627
1331 6976
1331 701
357 701
6801 357
1157 6801
3591 1157
1354 3591
4165 1354
4165 2435
4838 2435
4838 6298
572 6298
4351 572
2598 4351
2598 5027
5027 6077
4764 1992
5730 1992
876 5730
876 70
2577 70
2577 508
902 508
902 4147
4147 4742
6036 4742
5940 6036
3196 5940
3196 6071
6071 5796
5796 4688
4688 6116
6116 3562
3562 3755
2692 3755
3578 2692
26 3578
3606 26
4151 3606
4151 4773
4773 4609
4609 181
1320 181
4428 1320
1601 4428
1601 1279
1279 5110
714 5110
3965 714
3965 4257
4257 3593
5908 3593
5908 470
504 470
486 504
486 4310
5074 4310
5074 2640
5344 2640
5344 2288
5129 2288
6641 5129
6641 649
649 1493
1493 5596
5596 2101
2101 238
238 2854
278 2854
278 5025
5025 1563
2291 1563
2291 3236
2765 3236
2765 5778
5778 1396
1396 5813
2153 5813
3600 2153
3600 4245
4245 4107
298 4107
298 5290
3526 5290
3526 1419
1367 1419
4644 1367
3737 4644
431 3737
700 431
700 4840
4840 6561
6561 5080
716 5080
716 6077
993 3379
993 754
754 4894
1074 4894
2749 1074
2749 6678
6678 1238
1238 2970
2970 4886
5322 4886
5322 5787
5787 5867
5867 1462
1462 5035
6698 5035
6698 4293
1793 4293
171 1793
171 5213
3785 5213
6190 3785
6190 1353
1353 232
232 3103
864 3103
864 6310
6310 555
555 3891
3024 3891
3024 4893
4893 3614
4767 3614
1628 4767
4676 1628
4055 4676
4860 4055
6334 4860
5480 6334
6035 5480
1156 6035
3687 1156
6467 3687
3353 6467
3353 2971
2971 7014
7014 4253
4537 4253
4190 4537
4190 4849
4849 5755
5755 1502
1912 1502
3303 1912
744 3303
744 6670
6670 6462
6462 145
145 4793
4793 6854
6854 355
4701 355
5613 4701
5613 451
451 5679
5679 5617
5617 1234
1234 1125
5437 1125
5437 4486
4486 3
106 3
6638 106
6638 6887
6887 4294
4294 4359
4359 3200
3200 4416
4416 5393
6077 5393
3712 1355
4725 1355
1697 4725
1697 293
293 4717
1051 4717
1051 6820
6820 4200
4200 1818
1818 1954
1954 1201
1201 5622
6328 5622
6328 7023
7023 3275
3275 2395
2395 1047
5514 1047
260 5514
6578 260
6578 2008
2308 2008
869 2308
6983 869
1223 6983
1223 786
6644 786
1188 6644
1188 3511
7012 3511
7012 4707
4583 4707
1482 4583
5878 1482
5878 3824
5346 3824
5346 5386
3720 5386
2315 3720
5442 2315
2217 5442
3394 2217
4743 3394
4743 2883
1050 2883
1050 2590
2590 2631
2631 1005
1005 3968
3968 163
163 4953
4953 6369
6369 3982
3982 2447
933 2447
5419 933
5206 5419
6719 5206
6719 5440
4823 5440
4823 1405
1405 5910
5910 439
439 6722
858 6722
6657 858
6657 258
258 6513
6513 2173
2173 2904
1249 2904
1249 4020
4020 4312
4312 4531
4531 2957
1534 2957
850 1534
850 6320
6320 6077
5685 2345
3305 5685
3305 2093
2093 4741
4741 2210
2210 5587
5587 2864
1507 2864
6177 1507
2245 6177
2245 1172
1341 1172
3367 1341
3367 6224
6224 633
633 4885
489 4885
499 489
3151 499
5630 3151
5630 3488
3488 4422
1138 4422
6732 1138
4340 6732
1049 4340
1049 1569
1569 3270
3270 1299
2878 1299
2878 6835
889 6835
889 5922
4035 5922
5031 4035
6621 5031
1290 6621
1290 3699
765 3699
765 1810
1403 1810
1403 5521
4108 5521
5633 4108
4132 5633
983 4132
983 4049
4049 1082
2310 1082
25 2310
25 3656
3656 3360
5409 3360
5409 4237
4237 1457
3229 1457
5807 3229
1239 5807
4606 1239
4606 6054
5515 6054
5515 5888
5888 5100
1885 5100
1885 1349
1349 1066
136 1066
136 1053
3134 1053
3134 726
726 2867
2867 2208
2208 6964
1750 6964
1750 1640
5697 1640
5697 1277
2263 1277
6077 2263
1672 3849
6710 3849
6297 6710
2615 6297
2615 2650
2650 2827
5132 2827
5895 5132
5760 5895
5788 5760
5788 4696
4696 2215
2215 5360
3514 5360
3514 3966
3966 1808
2514 1808
2514 6950
6950 4712
4712 1340
1340 1980
2718 1980
521 2718
521 2305
2305 4408
3057 4408
383 3057
383 4817
4950 4817
4950 3314
3314 5271
6866 5271
6866 4807
2159 4807
2159 3873
4658 3873
6937 4658
6937 3663
3663 4889
4889 110
110 5826
5826 6690
6690 3067
1424 3067
1424 1746
3436 1746
1822 3436
3818 1822
4135 3818
4135 3199
3199 1774
3859 1774
3859 1026
1026 6123
3695 6123
3695 6858
6858 500
500 188
188 32
1752 32
1752 5705
6529 5705
5136 6529
5136 6625
3797 6625
6916 3797
5033 6916
4791 5033
4791 5646
5646 1742
1742 1794
1794 5506
5506 5367
5367 978
978 2840
2840 235
235 3186
965 3186
6077 965
1647 4579
4919 1647
4919 892
892 167
5570 167
5570 4298
2357 4298
2357 2438
13 2438
13 6993
5729 6993
1775 5729
1775 6836
6836 6385
6385 4213
3312 4213
1142 3312
1142 3580
3580 2670
2670 1678
5634 1678
5217 5634
5536 5217
6982 5536
6982 3269
3269 5873
6743 5873
6743 6873
6873 6069
6069 2776
2671 2776
3320 2671
2885 3320
2885 5095
6691 5095
6969 6691
6969 3897
3897 4884
6316 4884
2845 6316
1635 2845
1635 277
6483 277
882 6483
1708 882
1708 1200
3783 1200
5160 3783
5160 2269
4639 2269
1627 4639
1627 1035
1035 2493
58 2493
58 305
5684 305
5684 3611
3019 3611
1048 3019
988 1048
988 4383
2803 4383
2803 1373
1224 1373
4932 1224
4932 3675
3675 2515
4957 2515
3947 4957
3947 6249
6249 6669
2075 6669
329 2075
329 1103
2545 1103
3536 2545
3536 97
3136 97
3136 6077
6061 5601
6061 373
3286 373
3286 5575
1834 5575
2653 1834
2653 4463
4463 2478
2478 4726
1661 4726
1661 33
4999 33
5704 4999
3674 5704
2211 3674
2211 4113
1586 4113
1586 388
388 6793
5216 6793
5899 5216
5899 3451
2175 3451
2175 6084
5399 6084
4206 5399
4206 4220
297 4220
297 4259
4259 5490
959 5490
3302 959
3465 3302
3465 3936
3936 1194
1194 6693
6693 271
1805 271
3729 1805
3729 3310
5059 3310
5059 6365
4413 6365
4413 356
356 5365
5365 4755
4755 351
351 338
338 362
362 4844
53 4844
53 446
446 577
1788 577
6193 1788
6193 877
437 877
437 2297
2297 2094
2094 780
780 982
5938 982
5938 3900
5252 3900
5252 3918
4110 3918
4110 201
201 4539
4506 4539
376 4506
376 2109
1025 2109
1025 597
597 4512
942 4512
942 976
941 976
5574 941
6077 5574
196 2536
1232 2536
3351 1232
3351 3180
3180 5232
3688 5232
3688 1336
1336 3787
71 3787
1637 71
5417 1637
5417 3960
3960 5560
5560 4681
3587 4681
3587 66
6728 66
6728 155
2483 155
2483 217
217 85
85 386
386 5535
5535 3003
3433 3003
3433 6752
6752 1907
1000 1907
3727 1000
3341 3727
1485 3341
1485 1945
1945 2063
2063 6156
6156 2116
2116 1737
1737 1849
1849 2628
6798 2628
6798 3164
3912 3164
3912 6707
327 6707
327 4241
4241 4073
5711 4073
2112 5711
2112 3088
2709 3088
2709 6987
175 6987
175 2
953 2
953 6861
6861 2689
2689 4424
3710 4424
1575 3710
1575 5
5 5764
2693 5764
2693 168
299 168
299 2104
4126 2104
4126 1625
1625 3765
6485 3765
6485 3368
7000 3368
7000 3540
3540 5445
548 5445
548 5862
4015 5862
2511 4015
2511 5543
6031 5543
6077 6031
2967 6748
6748 948
948 3408
3408 4134
1236 4134
1236 4986
3401 4986
3080 3401
5279 3080
5279 5199
899 5199
899 6171
6171 4085
4085 6236
6236 7024
1178 7024
5456 1178
5456 2465
2465 2414
1356 2414
1356 1764
4979 1764
1360 4979
6862 1360
6862 6112
6112 4168
4168 2943
2943 5288
4938 5288
4938 1472
6148 1472
172 6148
172 1130
6614 1130
6614 1463
4686 1463
2319 4686
2319 3867
3867 3330
3330 3945
3138 3945
3138 2450
2450 4689
2105 4689
2105 2374
2374 1391
1391 5182
426 5182
699 426
699 6920
927 6920
927 6502
6502 3628
2389 3628
3188 2389
173 3188
2540 173
1977 2540
2209 1977
2209 4222
6795 4222
6795 1613
1613 1422
1422 1927
512 1927
512 2665
3570 2665
3570 1935
1935 4987
4987 4332
126 4332
126 1207
556 1207
556 1043
2891 1043
2891 3355
3355 1612
1612 5345
6077 5345
7025 3297
1730 7025
2553 1730
2553 1378
1378 3971
3971 4142
4142 5159
1098 5159
1098 2335
6567 2335
616 6567
616 243
3747 243
6016 3747
4900 6016
4900 3337
6991 3337
6991 3092
893 3092
1514 893
1514 1778
4365 1778
2004 4365
2004 6842
2911 6842
2911 6321
5582 6321
48 5582
48 1577
1577 2451
320 2451
3429 320
3429 1712
4896 1712
3101 4896
3101 5641
5833 5641
5833 2663
3040 2663
1820 3040
3979 1820
4788 3979
4788 6700
6700 3224
1453 3224
1453 807
5488 807
6251 5488
6251 1576
1576 6052
2202 6052
5660 2202
3681 5660
5262 3681
5262 5502
5502 1837
2502 1837
2502 5550
5550 2917
5298 2917
1014 5298
6659 1014
245 6659
245 6648
6648 4482
4482 3410
5812 3410
5812 1140
1140 5497
5497 946
946 822
822 5443
5443 2690
2460 2690
3490 2460
3490 3207
3207 3175
3175 5133
5133 6077
275 6028
2033 275
2033 2571
3531 2571
1703 3531
3740 1703
672 3740
3725 672
4102 3725
2958 4102
1900 2958
4744 1900
4744 240
240 1950
1950 5156
5156 6689
531 6689
3544 531
3544 5293
5293 2619
4955 2619
6360 4955
6360 3619
1281 3619
939 1281
1129 939
1129 2086
6201 2086
5481 6201
4431 5481
4431 2574
1031 2574
1031 3666
3666 6847
6847 2391
2391 4246
4086 4246
4086 6965
4010 6965
4010 4269
4269 661
1634 661
1634 3209
3690 3209
3690 6627
46 6627
46 1504
3482 1504
4597 3482
4597 6876
6876 6457
2696 6457
2696 6412
6412 365
365 6407
6767 6407
6767 436
436 118
118 6905
4888 6905
1446 4888
1446 3016
4453 3016
1827 4453
6852 1827
6852 6037
5948 6037
5948 5193
5193 5777
3754 5777
4270 3754
565 4270
970 565
970 1454
1454 4243
5230 4243
5230 6506
6506 2275
6077 2275
2576 1495
2576 1165
3750 1165
3750 4737
4675 4737
4016 4675
6331 4016
6830 6331
282 6830
282 368
6829 368
6829 4291
6639 4291
6639 5651
5651 5517
5517 4774
5925 4774
924 5925
4524 924
3276 4524
3276 205
205 4577
4038 4577
2239 4038
2239 2281
6167 2281
6167 2022
2022 62
1705 62
4260 1705
4260 2117
2774 2117
2774 1461
111 1461
1160 111
604 1160
604 2899
2899 6263
6263 1669
1330 1669
1330 6073
6073 1168
1168 1745
1745 4757
6664 4757
6664 2866
6525 2866
6525 1170
1170 1385
1385 6009
6009 1795
1795 3243
3682 3243
3682 202
202 3865
3865 1365
3841 1365
5700 3841
5700 3715
3414 3715
3414 2352
3100 2352
3100 4692
684 4692
475 684
475 6694
1429 6694
1429 1668
6149 1668
6149 6605
3472 6605
3472 4465
4465 1416
1416 2549
6849 2549
6849 5218
5218 4280
4280 6032
6077 6032
1749 1003
1003 653
1892 653
1892 2194
2194 3781
3781 5671
4117 5671
4189 4117
4189 592
6296 592
4806 6296
4806 4628
591 4628
4666 591
4666 3156
2753 3156
2753 585
6952 585
1616 6952
3899 1616
2906 3899
5425 2906
5425 3659
3659 3361
4144 3361
4581 4144
6532 4581
957 6532
957 5905
5541 5905
4052 5541
5636 4052
5636 3916
3916 5997
5997 144
144 3026
3026 6919
1181 6919
5404 1181
6003 5404
6925 6003
4908 6925
3950 4908
3950 3464
6660 3464
1959 6660
1959 4395
4395 5994
5994 4353
4353 3254
3254 6729
6729 5452
5452 6783
6783 7011
454 7011
6677 454
6677 49
6426 49
5604 6426
5604 1867
5447 1867
6121 5447
6121 52
52 6647
6647 4090
6388 4090
6388 1781
2961 1781
2961 3381
3031 3381
1227 3031
1227 6153
6153 4747
6415 4747
309 6415
6807 309
6444 6807
2855 6444
6077 2855
711 2703
711 4928
3798 4928
4776 3798
4776 553
5870 553
5870 6563
4996 6563
4996 321
4489 321
4489 5822
2099 5822
2099 1516
1516 2489
2489 1179
702 1179
7001 702
7001 4627
4627 308
6746 308
3055 6746
3055 6804
6804 1146
2401 1146
2401 1009
1009 4402
4402 3895
2098 3895
3508 2098
3508 1061
1061 5265
5265 1714
1714 5423
1685 5423
1685 564
4621 564
4621 2056
2056 6200
762 6200
762 3997
3997 1823
1823 3147
3147 1096
6336 1096
6336 335
335 4304
4382 4304
3621 4382
3621 3221
6151 3221
1919 6151
2931 1919
2931 2480
2480 6406
6406 5469
6909 5469
5274 6909
4632 5274
6430 4632
6430 5912
3106 5912
3106 1314
1314 187
6741 187
2227 6741
2982 2227
2982 738
738 4614
6890 4614
751 6890
3246 751
5169 3246
5169 72
72 4804
5627 4804
6306 5627
6306 4709
4709 2439
6077 2439
5795 5316
5795 6967
862 6967
862 5735
5320 5735
6573 5320
6573 3047
3047 1987
1987 1722
1722 438
438 3558
3558 5460
5460 3705
3705 3760
3760 2962
5966 2962
5966 4316
3140 4316
3140 5703
5703 884
3877 884
3647 3877
6206 3647
443 6206
443 5198
5257 5198
5257 5773
5773 1934
435 1934
752 435
3029 752
3029 1427
1427 1401
1401 5024
3582 5024
3582 3843
3843 746
3048 746
3048 6140
6140 6342
1329 6342
1329 2283
2283 3954
3217 3954
5104 3217
5104 5042
5670 5042
5670 2147
2147 1040
4031 1040
4031 3350
3350 5430
5430 5237
5237 3549
3549 1523
1523 4826
3791 4826
6868 3791
6868 732
732 5907
4423 5907
343 4423
4218 343
2416 4218
540 2416
6386 540
2338 6386
4047 2338
855 4047
3431 855
6330 3431
2472 6330
5128 2472
5073 5128
5073 140
2061 140
622 2061
622 3070
6077 3070
808 6857
6857 6791
6791 6658
6658 6048
1273 6048
6338 1273
2757 6338
2046 2757
2046 6309
464 6309
1865 464
2554 1865
2554 262
262 1930
1358 1930
1358 1545
2479 1545
5765 2479
5765 4652
4652 1113
1683 1113
1683 1428
1428 854
6533 854
6533 5361
5361 1013
621 1013
5231 621
5231 3637
3637 1287
1287 230
230 221
221 6348
4758 6348
4758 5241
5241 4333
4333 6229
2179 6229
1107 2179
4292 1107
781 4292
781 2835
2835 1143
3107 1143
6489 3107
725 6489
7018 725
7018 6440
5327 6440
1546 5327
1546 5698
5698 3256
3256 2336
5368 2336
3084 5368
3002 3084
3002 6971
3532 6971
4803 3532
6815 4803
6815 402
402 2920
6583 2920
6583 3868
3868 3403
3403 2664
112 2664
1583 112
1583 1182
3622 1182
5551 3622
5551 2702
5263 2702
5175 5263
3307 5175
3307 4345
4345 2597
2597 6515
6077 6515
6988 799
1960 6988
6600 1960
6600 1530
1530 3105
6624 3105
6624 2637
2637 6773
3479 6773
6632 3479
6632 1562
6484 1562
6484 6194
252 6194
252 5781
6043 5781
2635 6043
249 2635
249 3609
3609 4077
5576 4077
5576 1231
3333 1231
3333 4191
4191 6819
6518 6819
6518 1193
1193 3629
5664 3629
2405 5664
2405 2801
2801 3521
3521 1544
3391 1544
3391 6784
6784 6747
2879 6747
5718 2879
2379 5718
2013 2379
2013 1829
1829 60
60 3507
5799 3507
4036 5799
4036 4942
5338 4942
261 5338
261 6044
6044 1425
2494 1425
4510 2494
588 4510
588 1994
2947 1994
4956 2947
6231 4956
6231 5326
5326 949
949 1825
1825 1412
5284 1412
5284 5737
4702 5737
4702 4406
4406 1036
1036 2089
3643 2089
3643 724
4075 724
4005 4075
4005 5103
5103 6823
6823 2660
2660 4330
6168 4330
4054 6168
4963 4054
4963 6077
6913 6337
6337 5527
6243 5527
4800 6243
4800 3447
3447 755
1857 755
3324 1857
3324 6072
3815 6072
3049 3815
3049 2938
6478 2938
6478 2508
2508 5171
220 5171
220 5411
5411 1897
4180 1897
4180 7002
7002 3240
5710 3240
5710 2936
2936 4673
290 4673
2868 290
2868 3664
3664 6293
51 6293
1313 51
525 1313
5855 525
3529 5855
3529 2176
2176 5307
5307 2520
2520 6811
6811 3522
3522 3915
3915 3264
3264 5618
5618 659
659 1100
1100 2126
2126 5572
5572 3098
4905 3098
4905 1888
1888 1225
4007 1225
4007 5026
5026 1732
1732 6865
130 6865
130 6845
6845 4145
4145 1537
6592 1537
6592 2695
2695 5503
6730 5503
6730 3862
3862 2580
2580 5589
3577 5589
3577 6571
6571 2752
2752 5585
5585 4580
2909 4580
883 2909
883 473
473 218
4939 218
4939 1302
2274 1302
2583 2274
1490 2583
1490 6077
6500 6806
4217 6500
57 4217
57 6870
4171 6870
6903 4171
6903 3683
6609 3683
6609 1418
4604 1418
4604 640
529 640
529 1508
4449 1508
4449 5721
5721 3038
6341 3038
6341 1
2301 1
7020 2301
7020 2277
5593 2277
545 5593
545 723
5534 723
5534 1084
1084 5476
5476 3291
3183 3291
2232 3183
2232 1796
2000 1796
2000 1316
1316 6536
4924 6536
4924 6666
2115 6666
3073 2115
3073 936
936 6511
6511 6749
6749 165
165 6907
3569 6907
3569 3015
3015 2026
2026 1932
5090 1932
5090 6139
6139 3438
1664 3438
6574 1664
6574 4603
4603 459
5394 459
4006 5394
4006 4250
676 4250
3222 676
1460 3222
1460 2417
6931 2417
3662 6931
3662 787
3396 787
3396 6990
6990 5510
5510 3417
3759 3417
727 3759
83 727
6716 83
3774 6716
3774 6228
1904 6228
1904 5304
5304 3481
3481 2050
6077 2050
534 6045
4062 6045
1241 4062
1555 1241
1484 1555
1484 3365
3365 1875
1875 281
281 5310
269 5310
2282 269
2745 2282
2745 4516
4571 4516
4571 6216
3780 6216
1543 3780
3338 1543
3338 5900
1189 5900
1189 3680
6287 3680
6287 5048
4187 5048
4187 3277
3277 3133
3133 1388
1388 710
710 2956
2956 3837
6435 3837
641 6435
641 1032
6978 1032
6978 4427
4427 5204
5204 1679
337 1679
337 333
2057 333
6681 2057
5006 6681
3847 5006
4112 3847
2527 4112
2527 4952
4952 4087
4087 6423
6423 5624
5624 6814
6814 2458
2458 654
654 6522
5091 6522
5091 5119
6540 5119
5053 6540
3174 5053
3439 3174
1021 3439
1021 1684
4203 1684
3253 4203
3253 2532
2532 3411
2610 3411
2610 274
274 257
2348 257
1619 2348
183 1619
183 4866
4866 5843
3717 5843
3717 2732
5566 2732
3398 5566
3398 5221
5221 6077
5130 3442
3442 4261
4261 4215
4215 4856
4856 4730
3179 4730
2611 3179
1693 2611
6405 1693
292 6405
292 398
669 398
669 3089
3354 3089
3354 2125
2125 5139
5139 5242
5432 5242
4371 5432
6197 4371
5094 6197
5973 5094
5973 861
861 4813
3998 4813
3998 2351
2972 2351
2972 2024
2024 3510
3510 5782
5782 482
4523 482
1337 4523
1337 272
3467 272
3321 3467
4317 3321
4317 1063
1063 2880
2880 41
41 1925
3434 1925
1868 3434
6007 1868
6007 3241
3241 6395
1444 6395
1444 2248
105 2248
105 1065
3194 1065
3194 2726
2726 452
4185 452
5902 4185
5902 2477
6520 2477
6520 2367
2367 4559
1726 4559
1726 5144
5317 5144
1801 5317
6717 1801
6717 740
2214 740
5606 2214
2174 5606
888 2174
888 5286
5286 6115
6623 6115
770 6623
579 770
579 5166
6053 5166
6179 6053
6179 812
812 6077
7003 863
7003 3563
4911 3563
4911 1431
1431 1943
1943 1303
1303 6389
2431 6389
6521 2431
5422 6521
5422 5825
5825 5170
286 5170
286 4129
4129 6601
6601 5078
5078 5840
5434 5840
5315 5434
4501 5315
1787 4501
1787 4162
4162 2088
1210 2088
1210 3684
3684 5848
1163 5848
2963 1163
3328 2963
7026 3328
3854 7026
3854 5021
911 5021
911 1903
6327 1903
5823 6327
1266 5823
4386 1266
2981 4386
3399 2981
3716 3399
3716 4557
4557 1858
1858 5868
192 5868
3469 192
5269 3469
5269 3008
3260 3008
3260 3386
4998 3386
4998 3343
6301 3343
3311 6301
2645 3311
2645 1870
4346 1870
4346 4882
4882 870
1780 870
560 1780
6715 560
6715 4149
4149 255
255 1596
4272 1596
4272 4376
4376 685
3886 685
2160 3886
4633 2160
4455 4633
4640 4455
3010 4640
6720 3010
3014 6720
312 3014
1995 312
1995 6077
2475 6174
1421 6174
1421 119
119 5544
5544 1296
358 1296
358 1948
1948 5146
5146 5384
5384 233
233 3001
5311 3001
5311 4013
5794 4013
5794 5930
5930 1510
6448 1510
6448 2666
2666 6479
6684 6479
5164 6684
5164 5236
3357 5236
3357 2643
5904 2643
6278 5904
6278 4450
310 4450
310 801
3211 801
2207 3211
2662 2207
2167 2662
4393 2167
1552 4393
407 1552
3518 407
3518 3483
3483 7031
6584 7031
6584 594
4177 594
4769 4177
4769 18
18 2240
2240 4202
4599 4202
1593 4599
1593 5736
6272 5736
6272 5995
5995 2231
4125 2231
4125 6359
4760 6359
5127 4760
4174 5127
4174 1046
1046 1332
1332 5036
4765 5036
1821 4765
6714 1821
6714 6162
6162 608
4226 608
4226 2633
2633 1070
3525 1070
3525 6927
6927 2399
2399 6187
6187 5457
3704 5457
3704 6403
6403 5569
5569 772
772 5343
5343 6077
2141 1626
2141 2445
2422 2445
2422 4874
5306 4874
5450 5306
1961 5450
1961 4679
4679 4801
1119 4801
1119 5149
5149 5695
5695 1110
1110 687
687 843
843 6557
5219 6557
5219 1651
1566 1651
1566 1220
1541 1220
4417 1541
4417 5531
5531 1475
991 1475
991 4732
536 4732
536 1161
1161 6930
671 6930
671 3202
3202 644
644 718
5854 718
4650 5854
4546 4650
4546 4687
4687 6643
6643 2773
2773 971
971 818
818 5325
5325 2045
5086 2045
1653 5086
280 1653
280 432
6482 432
6482 6588
3066 6588
3066 4306
6345 4306
6345 4824
4824 2684
6464 2684
2564 6464
2564 2490
2490 2102
2102 4876
3972 4876
5403 3972
5403 3093
3093 637
4584 637
350 4584
6560 350
6185 6560
6185 5884
2722 5884
1088 2722
2388 1088
2388 5211
5374 5211
6008 5374
4505 6008
4505 894
4451 894
5856 4451
5856 6077
1023 4490
3889 4490
3041 3889
3041 6886
3342 6886
3342 4564
2594 4564
6956 2594
4812 6956
4812 4768
6761 4768
4473 6761
457 4473
457 2661
4895 2661
5898 4895
5898 1936
318 1936
318 1673
6166 1673
3689 6166
6237 3689
3986 6237
5168 3986
5168 2054
6871 2054
6871 4440
4440 2265
2265 947
947 1399
1399 323
323 626
3022 626
2767 3022
2767 113
113 3095
4155 3095
1191 4155
1191 5004
5004 1615
1615 2900
2900 316
316 3550
134 3550
134 4084
4084 8
8 6556
6392 6556
6392 3452
3452 3639
3639 4947
1982 4947
1548 1982
2292 1548
2292 303
303 717
717 5105
2355 5105
2355 4154
4154 940
940 6579
6579 6799
6799 2003
6757 2003
6757 6654
6654 2892
4670 2892
5690 4670
5690 4802
4802 6333
2529 6333
2529 6078
6078 1372
1175 1372
5761 1175
5761 420
1455 420
5644 1455
5644 6077
3669 2040
4368 2040
4368 1108
4385 1108
2456 4385
2456 4961
4961 4907
3833 4907
3833 5586
5586 2675
4733 2675
5962 4733
5962 2467
4985 2467
2279 4985
2279 4334
4334 2955
1676 2955
5728 1676
5728 1280
1280 2029
2029 3909
935 3909
935 2032
2887 2032
1328 2887
1328 3266
3266 3039
2949 3039
2949 2627
2627 186
186 6608
6608 658
658 2409
3792 2409
3792 6999
6840 6999
6840 3503
3503 3541
3541 1717
4962 1717
4962 1323
1270 1323
2137 1270
2137 6304
1886 6304
1886 429
6414 429
6414 4123
6271 4123
6271 1222
5268 1222
5268 4519
4519 6322
4041 6322
116 4041
116 1757
3845 1757
1095 3845
1095 857
857 1173
1173 2763
4972 2763
6769 4972
3149 6769
3149 1001
1001 2011
4407 2011
4407 4498
4498 6911
6063 6911
4659 6063
4937 4659
4937 5400
5400 6954
6954 5421
3842 5421
3842 3032
3032 6077
4974 4388
6238 4388
2138 6238
2138 322
1606 322
1606 6075
6075 2698
3462 2698
1438 3462
1438 5124
4683 5124
4181 4683
239 4181
239 5659
5659 5594
3376 5594
4940 3376
5866 4940
5637 5866
2859 5637
2859 6308
5620 6308
5620 4264
6674 4264
5918 6674
5918 2028
3238 2028
3238 5205
5205 5011
5011 139
139 6834
4448 6834
133 4448
6683 133
6683 3691
5939 3691
6745 5939
6745 6531
6531 571
571 1549
6138 1549
6138 2406
2406 6645
4396 6645
6172 4396
4984 6172
4984 1824
1824 5097
6102 5097
6102 4032
1374 4032
6721 1374
6721 5842
416 5842
416 6612
4115 6612
5019 4115
3742 5019
2113 3742
2113 1153
4314 1153
728 4314
728 6173
6173 2700
6126 2700
6126 6199
6889 6199
3168 6889
2133 3168
2133 4629
4629 4549
4549 895
895 6758
5111 6758
1059 5111
1059 2649
1782 2649
1782 5167
6077 5167
354 4122
6961 4122
6961 2199
3090 2199
3090 5356
5356 158
5985 158
1297 5985
1297 5446
5446 3977
3977 4367
4630 4367
4630 6319
306 6319
1594 306
1594 1520
4167 1520
4167 2449
6241 2449
6241 458
458 4672
5960 4672
5750 5960
5750 6912
6912 6496
1513 6496
5202 1513
3339 5202
1217 3339
3698 1217
3698 5248
5248 3086
82 3086
82 6350
3233 6350
6523 3233
6523 4925
2985 4925
2985 2200
3633 2200
6493 3633
6493 5768
5768 1553
5577 1553
5577 748
5747 748
3961 5747
2411 3961
5461 2411
5461 5744
5744 3331
6675 3331
6675 629
629 4642
3505 4642
2807 3505
2166 2807
2166 4920
4920 3769
5568 3769
5568 4822
5397 4822
4864 5397
4864 1670
1670 2915
2915 6146
662 6146
750 662
750 6939
4883 6939
4883 1164
1164 1479
1479 5851
5851 1525
1016 1525
1016 2658
4445 2658
4445 3700
3700 6077
824 569
824 4713
1246 4713
1246 4573
4573 2638
5732 2638
2499 5732
5201 2499
5201 6831
2916 6831
2916 2474
1185 2474
225 1185
3322 225
408 3322
408 4753
502 4753
5225 502
5092 5225
6247 5092
6247 2402
2402 1812
1812 1931
1931 2889
4568 2889
4568 6225
2242 6225
2242 2798
5676 2798
5676 2443
2443 6051
6051 5289
5289 2262
3078 2262
2519 3078
2519 964
2814 964
1342 2814
2427 1342
2427 2079
2079 6821
121 6821
678 121
678 3994
3994 4350
874 4350
3826 874
2954 3826
2164 2954
5677 2164
6923 5677
6923 1817
156 1817
761 156
761 1632
1632 5970
5970 5901
5901 2815
4649 2815
4649 5615
5615 5494
3091 5494
3091 1690
6839 1690
2071 6839
2071 2491
2491 3421
6223 3421
6223 590
590 2686
3280 2686
3280 3546
3546 5214
5214 2446
2446 150
3719 150
1598 3719
1598 606
6077 606
3813 3115
3115 4848
6929 4848
5858 6929
3731 5858
5612 3731
4798 5612
4798 1965
3734 1965
4805 3734
2704 4805
2437 2704
2437 1939
1842 1939
1842 1556
4910 1556
4704 4910
114 4704
114 3167
3167 1203
65 1203
6737 65
6737 968
968 2442
2442 3799
1910 3799
3197 1910
3197 1874
490 1874
490 5142
5597 5142
5597 708
4930 708
4930 4404
1079 4404
578 1079
6034 578
652 6034
652 5917
2844 5917
6402 2844
6402 3642
2622 3642
2622 3553
3553 4460
4460 15
1776 15
1776 1150
1150 5959
4782 5959
4782 6355
6355 4669
4669 6705
6182 6705
2747 6182
528 2747
528 4862
6288 4862
2794 6288
2794 1301
1301 3316
5981 3316
5981 1704
1704 2383
2383 2381
2381 2510
2510 3610
3932 3610
3932 4374
2072 4374
720 2072
5256 720
5256 5610
5610 6668
5882 6668
6450 5882
6450 2890
2890 2680
2680 6077
517 1094
1094 2984
2984 304
3771 304
6276 3771
6276 2272
2272 352
6837 352
778 6837
778 788
788 2531
2421 2531
2463 2421
2463 4502
4502 665
5161 665
6777 5161
5584 6777
2031 5584
2031 3560
3560 418
5037 418
5037 2257
995 2257
995 6011
396 6011
396 1147
6906 1147
6906 2261
2261 2246
2246 2948
2948 2090
2090 3144
3144 3881
4617 3881
4617 328
3373 328
3373 4137
4137 2251
2251 1478
364 1478
4684 364
4684 4555
4555 34
34 1698
1698 227
227 5354
434 5354
248 434
6339 248
6996 6339
6996 2964
2964 6604
6604 4364
599 4364
599 2250
2250 619
619 3161
2459 3161
3711 2459
3711 2558
3198 2558
6960 3198
6960 2743
3117 2743
3117 1976
5240 1976
6466 5240
3181 6466
3181 5398
5398 3226
1158 3226
6908 1158
5505 6908
2923 5505
5147 2923
3282 5147
4671 3282
6077 4671
7032 3848
7032 1710
5359 1710
5359 851
2497 851
2428 2497
2428 6512
6512 5482
5482 3206
3206 422
422 2062
1116 2062
5335 1116
5335 29
1195 29
2853 1195
2853 2799
2799 5786
5786 4913
4913 4600
4600 5351
2561 5351
635 2561
2543 635
2543 2566
828 2566
828 3122
2271 3122
2271 4815
4815 5958
4710 5958
6772 4710
6772 1769
1769 4186
4186 2584
5508 2584
5508 522
522 6020
4624 6020
4624 537
164 537
96 164
2721 96
1771 2721
1771 541
541 289
2221 289
2221 2979
2979 3970
3970 406
6383 406
6534 6383
2241 6534
898 2241
898 3113
3113 3249
4444 3249
4444 5401
5401 2284
2284 1633
1633 6516
6516 160
1845 160
400 1845
2517 400
5933 2517
4179 5933
4179 5347
5347 1735
1735 5986
5986 1783
1609 1783
1609 2716
3443 2716
3443 2934
6615 2934
6615 2809
3853 2809
6077 3853
208 1754
1754 1758
229 1758
288 229
3652 288
3652 4772
5722 4772
3142 5722
3142 6230
6230 5881
3382 5881
4738 3382
6809 4738
4711 6809
3590 4711
3590 4964
4964 1763
2706 1763
2706 2027
2027 4588
4588 5486
5486 6953
3072 6953
4240 3072
2787 4240
2787 5308
3420 5308
3420 4497
4497 4723
4839 4723
4839 6408
6408 491
6250 491
4622 6250
648 4622
6968 648
6968 5658
5658 3387
3387 3182
3461 3182
3461 4178
813 4178
813 135
4438 135
4438 3819
219 3819
219 1289
3822 1289
3822 1753
6859 1753
6859 4285
913 4285
21 913
2685 21
2685 5485
3660 5485
98 3660
98 6280
3177 6280
2766 3177
4922 2766
614 4922
3468 614
3348 3468
3348 1267
1267 2557
363 2557
847 363
6774 847
6774 4281
4281 3989
3989 6785
6785 2978
2978 3793
3793 3718
3718 2192
2192 4778
1105 4778
6077 1105
868 251
251 6420
6420 5802
5108 5802
5108 3706
2648 3706
5408 2648
990 5408
2366 990
848 2366
2870 848
2870 3369
3369 4238
4238 5849
5504 5849
367 5504
367 279
279 6634
6634 5357
2837 5357
2837 3021
4071 3021
3627 4071
3627 3409
5717 3409
5717 798
3533 798
2371 3533
5591 2371
237 5591
237 1512
1512 4378
4378 1212
1212 1263
189 1263
189 5382
6591 5382
3494 6591
3494 5045
2929 5045
3383 2929
3137 3383
3137 3901
3901 1700
6530 1700
6530 943
5223 943
5223 4641
2811 4641
2811 4968
4309 4968
4309 4140
4065 4140
4065 6099
6099 3686
3444 3686
3444 5172
5172 682
6486 682
6486 3603
1999 3603
1707 1999
3486 1707
6291 3486
5062 6291
180 5062
2256 180
5702 2256
2805 5702
6222 2805
6222 4457
1473 4457
3875 1473
2903 3875
5674 2903
6023 5674
6023 955
2420 955
6077 2420
1333 3707
3707 5471
5573 5471
2224 5573
6204 2224
6204 4825
3888 4825
3888 3495
4520 3495
3158 4520
3158 6880
1674 6880
1674 6027
1920 6027
1920 3332
5860 3332
5860 6673
2222 6673
3921 2222
3921 6738
197 6738
197 5072
5072 1804
1804 3816
3816 5438
2120 5438
1618 2120
2191 1618
3925 2191
3925 5714
5714 5666
5666 6245
6245 2019
2019 1542
1542 6000
6000 2850
2039 2850
2039 2049
1701 2049
1701 4567
4204 4567
2744 4204
2157 2744
2157 4620
4834 4620
5255 4834
3250 5255
3250 1589
5523 1589
960 5523
6630 960
6325 6630
6726 6325
6014 6726
1498 6014
214 1498
214 5553
5553 987
987 401
401 5406
4991 5406
6473 4991
6473 817
607 817
3259 607
2526 3259
2078 2526
2078 503
4852 503
538 4852
538 4268
1800 4268
1800 4008
4008 2959
2959 5941
5941 5017
5017 1924
1924 6655
6655 6077
5209 5076
5209 923
923 108
5041 108
5041 6863
6863 5839
2002 5839
664 2002
1400 664
1654 1400
4591 1654
3974 4591
3974 5185
2881 5185
2881 6535
6535 4418
4720 4418
4720 1208
4799 1208
5820 4799
5820 6510
6510 5836
2784 5836
2586 2784
2705 2586
1039 2705
1039 7022
7022 3638
3638 6695
6695 4530
4530 1134
1134 4387
4070 4387
4070 1887
1887 5339
5819 5339
1118 5819
1118 4411
4411 334
375 334
1727 375
4421 1727
4421 1941
1450 1941
5844 1450
5844 1643
1643 576
5609 576
944 5609
2495 944
5116 2495
3215 5116
3215 4857
4857 444
3223 444
3223 1348
6619 1348
5066 6619
2831 5066
2651 2831
1692 2651
1692 6170
6170 1656
4818 1656
2219 4818
2219 1908
1908 468
4308 468
4308 2139
4645 2139
4645 3458
3458 628
628 5332
5815 5332
3299 5815
3299 1264
1091 1264
709 1091
709 6077
5259 2613
2613 1024
3220 1024
3220 6111
1004 6111
5455 1004
5455 3703
5467 3703
5467 6650
6650 3685
3685 3940
6751 3940
739 6751
739 4227
5991 4227
5991 153
153 966
966 2796
4589 2796
4589 5337
5337 154
4746 154
2259 4746
6825 2259
5672 6825
1832 5672
6267 1832
124 6267
4256 124
5894 4256
5894 3825
4432 3825
1071 4432
1071 814
6562 814
6562 2858
6217 2858
3004 6217
3004 3608
4592 3608
4592 5708
5708 1426
1426 3189
896 3189
896 1747
1747 6917
3028 6917
3617 3028
1397 3617
1141 1397
1141 6789
4959 6789
2641 4959
2012 2641
3557 2012
1665 3557
1665 1667
90 1667
90 5853
5853 5526
5526 4715
4715 1602
1720 1602
6733 1720
6733 5114
5114 2017
2017 996
996 4789
4789 1229
6062 1229
1946 6062
6323 1946
6323 4936
4936 4235
4235 1695
1695 1308
1308 5557
2368 5557
2368 6077
