3412
2462 143
2462 2546
2546 2070
2070 1718
143 710
2070 235
2462 866
2546 3255
866 2839
1718 1597
866 973
1718 2672
143 649
2462 3180
143 2810
710 1317
3180 663
2810 2720
2546 1705
2810 1226
866 1488
710 2612
1597 1399
2462 1324
2070 1514
1597 232
2546 2963
1718 1932
1226 1826
1514 1734
3180 3177
1514 2677
1324 2905
1514 408
710 1459
1514 389
1734 2303
389 3127
2612 1014
3177 2512
2677 1685
2512 2874
2810 3149
1399 3083
2512 2031
2839 2923
2923 2900
2900 2961
1597 1835
2720 989
1718 851
710 1437
1014 1468
3127 1750
1459 1130
3255 2483
2483 881
2900 690
881 1152
1226 89
2839 2539
710 1186
2677 1320
2874 1329
1399 1359
1705 3136
2923 2492
2923 1933
2483 2094
1705 2565
2923 180
1835 652
2539 1822
1186 843
2303 272
1734 1452
1488 1827
652 1233
1933 605
1359 2816
2905 2191
89 1853
2900 2646
973 2771
652 446
1317 2456
866 351
851 155
1130 2907
389 2030
1853 897
1488 2915
1226 3039
1822 1652
1932 3298
1488 28
851 1341
2483 1426
2612 1745
1932 1129
1745 406
1130 2555
2720 2110
2512 2798
232 2416
1341 183
89 2712
155 388
1514 1848
1452 2059
1488 776
2094 2180
2907 880
2612 140
3298 3200
1329 32
3039 1867
1426 1629
2907 1462
235 3066
1320 2079
3149 3204
2915 811
2771 9
2798 988
2303 770
1848 3063
663 1990
1452 189
2963 2357
1152 1241
2672 3185
2771 2687
880 1121
1705 2267
3180 995
1822 1030
1121 957
1437 1499
232 10
3298 3388
881 2885
866 984
1241 1072
2079 2700
32 1641
1734 657
988 2722
406 402
1241 303
406 996
28 1719
2720 87
1719 2091
3204 70
1437 400
2059 1877
303 1332
3149 2987
2555 2755
3066 2047
10 1424
866 278
1030 2206
408 1546
406 3284
1514 1440
3185 2739
1186 3401
400 1404
2839 1985
2512 748
2798 144
1186 387
2267 2585
3255 2640
1734 3309
1853 1578
2091 2623
1468 3320
2191 2509
89 290
996 1660
1546 326
1750 2850
1130 1803
406 1047
2672 2931
1597 1565
657 422
2555 1936
389 768
973 3207
2885 2563
2539 1784
1047 2627
1014 1790
1578 2643
776 2613
1452 1510
2623 348
2094 1049
389 1010
28 1154
3063 1156
351 2709
770 432
232 666
1332 1228
89 896
1803 1427
2079 1451
406 1589
2798 1209
2907 3279
649 3230
881 1574
155 1168
272 3054
1186 3010
2816 2378
1468 1405
2563 940
3284 2016
2874 1860
973 2106
303 563
3054 2515
1156 2466
881 1027
1660 761
1826 2359
2672 1475
1014 2522
3200 2795
1014 2724
996 3374
3185 2606
1324 2680
2798 701
2416 1970
1514 1119
3066 1668
235 933
690 1235
605 19
2722 2385
2720 598
768 1409
2180 1811
1705 1051
768 693
1459 925
2385 2380
388 2498
2180 1942
1452 1809
652 1971
290 2195
290 1996
1427 465
408 1371
2963 1234
1233 2200
2031 739
183 1998
933 3140
2612 2927
701 3305
2677 1277
2961 1110
748 132
2563 655
776 1378
1790 2339
2795 1314
652 1135
28 2220
1129 2434
2070 1901
995 3208
2106 976
2627 1603
351 961
2755 485
1867 2599
1597 2788
2385 211
1578 733
2094 2786
3388 909
1049 3176
1409 2769
1565 1029
465 175
989 1458
1047 807
1718 2407
2462 3251
9 3119
1462 1454
996 3266
1226 949
1424 2935
961 3013
2555 2572
1826 849
2434 630
1047 2825
2195 1617
1578 3405
1156 123
290 711
1942 1496
1072 787
1030 1711
2963 798
1010 1742
1597 1850
1049 917
1010 227
1790 3193
1475 1292
1985 3130
2613 37
3204 2159
925 3094
2646 2820
1734 3273
598 2177
1652 3226
768 276
1424 101
798 376
2563 2169
155 1766
1292 2010
1784 2595
28 2071
690 3297
1324 1035
2191 1994
2546 3115
1510 1795
1603 1411
1510 1151
2031 2654
2031 2763
1742 1313
761 1599
2515 468
1209 3342
2769 2948
1936 1115
2755 3257
1119 30
2739 3192
2769 2986
1313 2777
351 2122
2612 310
3226 2994
1292 2587
1241 3076
1228 3223
1475 1547
1313 2540
2031 106
2923 302
1826 152
811 929
711 293
2070 443
1452 1858
3013 2823
1409 3294
1475 1013
2931 3270
3320 3048
663 1500
1970 2524
1685 505
1320 1171
996 2593
1936 2568
1641 3037
2220 1184
2627 1789
2905 2325
2159 3189
3119 1770
1641 2826
1049 1878
2555 2028
3342 3170
1320 534
2654 625
1742 217
1233 413
3193 8
534 1875
1660 3372
2110 1953
984 2213
1458 1012
2195 3345
303 1955
2509 3212
1719 1767
2106 2076
655 1918
776 646
2359 314
2070 794
666 2273
468 1815
563 3167
406 541
2539 471
3230 1747
1660 1689
2763 1267
1705 838
1875 1564
3230 1891
1745 2873
1452 2965
2028 659
2031 2246
3063 2174
152 2504
711 2004
933 2537
2640 2413
909 1749
1822 3356
1848 2085
2627 3396
1404 844
348 1912
2540 1519
2788 2348
1317 1508
866 2412
2885 1062
2555 458
232 354
1186 1635
2220 392
314 1736
101 1893
1371 1023
1901 1269
1135 3104
1742 1188
1047 2957
2786 2460
1152 2906
1226 1855
3180 1247
2613 594
2509 902
2957 2319
2213 3184
1184 498
1426 2776
3076 3085
2091 1249
2593 1916
1564 2045
880 1738
1129 789
388 2247
3136 1028
3200 1522
123 1707
2247 1598
666 464
3076 2547
2961 641
3372 1111
789 142
933 3065
87 2058
2722 3276
1023 941
1119 1840
2059 2415
2512 3190
598 1909
630 2429
594 2259
2045 1289
2643 68
3320 1857
1918 3000
2874 2649
1705 2758
1685 111
132 653
1111 746
3305 734
2994 506
1156 1132
917 488
1051 2510
989 1074
2720 2541
2565 556
1184 1126
3294 459
3192 1085
144 3129
1718 2274
1488 2829
3180 1590
2786 2971
3130 904
106 1282
227 565
9 1181
1747 2446
2820 399
2816 1334
1547 206
2195 1654
123 2000
2923 3055
1971 1573
206 1987
1314 252
973 23
2537 568
189 2073
2540 900
1378 1693
1565 1661
1332 1561
2915 1483
1247 2516
1111 639
3342 847
1028 3082
1853 2384
2971 2255
1027 65
2826 2017
710 393
2416 1412
1767 1647
189 2807
961 2215
1822 2445
388 1967
1289 3322
996 1133
2195 944
2826 1586
1062 384
1013 1716
2539 2897
1652 2173
2180 280
2816 60
1427 570
1437 1559
3401 2369
2649 1521
23 3409
2897 2845
389 820
1909 1852
789 2265
2504 1834
3170 1577
594 2558
3322 744
748 1433
3305 923
3342 585
140 1974
1597 273
748 542
1784 1958
1547 1295
2541 1109
389 2323
2539 1771
1809 1343
1371 2291
2820 3098
3094 708
585 2067
89 2517
189 3352
1483 403
2907 1523
2777 20
393 2899
399 2888
2509 572
1893 2806
1292 2834
2948 2203
152 44
3322 1291
1547 809
1440 3073
20 1898
2539 2330
957 1978
1745 2199
3176 1398
1586 607
1707 672
3223 2383
1399 611
1577 2293
2247 813
2199 1252
1514 788
2017 2732
585 681
897 179
2568 2013
2173 2425
2829 1337
1942 341
2357 1843
3273 2703
1152 124
1010 848
2462 2804
646 2827
2709 1150
354 2513
1028 2711
2517 2702
995 2699
3255 2078
2987 2436
2897 1448
20 877
1337 49
2017 2811
273 2328
87 110
2649 2132
663 346
3297 117
124 2421
211 1319
2429 887
1909 194
1577 2125
399 654
132 2344
1685 223
1795 1662
348 2784
611 2693
843 1449
2436 160
2769 1200
2693 2501
2687 2005
655 3283
2255 1529
2483 1924
2720 2992
2267 1550
646 2322
1151 431
944 3021
2763 1117
746 1572
2627 1377
458 2150
925 1470
1499 3081
2593 2675
2293 3194
1853 1545
2732 1034
1277 2118
961 2880
3048 1266
2572 1419
1035 2727
1848 1441
1496 2671
1522 3225
1282 489
957 2597
2328 2482
37 1063
3013 2054
1707 2089
348 1543
2546 2837
206 1140
2906 1447
2303 2437
3082 2248
1784 2747
3081 182
2677 1492
851 830
2416 1819
2646 482
2150 1211
3063 2418
1789 799
1970 2152
1749 965
1803 1002
941 1869
2677 2860
143 537
2504 633
2369 765
3177 971
1320 1498
2640 3376
1990 2305
666 2526
2291 507
1750 3268
314 1715
1738 1663
3073 244
110 1418
482 927
464 986
123 1345
2727 2039
1151 2495
2643 97
933 2388
3185 2249
3048 1669
1852 702
1932 1163
3255 675
2703 1361
402 3153
1063 1039
2028 321
2516 865
87 3313
217 1615
3190 466
2834 2538
1661 2147
2823 3198
3185 3202
1156 2656
2834 3188
3085 213
2563 1587
2359 340
3039 935
607 3218
20 385
1337 1977
1953 150
3081 2300
2888 579
2675 3399
1209 69
3276 1471
2555 1091
940 1833
1329 1680
2816 3201
2563 1090
28 2896
598 795
507 2636
2378 1443
2067 754
68 517
3273 548
1877 2002
505 2048
1514 2162
2546 1212
235 2920
944 2401
1443 1061
2383 442
3170 196
2804 1446
2643 1889
3104 597
2291 878
2727 2043
1337 1980
206 805
3083 86
701 2372
1771 2396
923 2652
2597 3108
1462 1000
505 1555
1898 457
1295 2347
570 1261
1942 1123
1523 1242
2671 379
89 2464
568 2866
1647 2681
1121 3011
1129 2299
986 494
389 2988
1135 564
795 692
2169 1422
1027 1938
2907 3099
851 2916
776 696
847 932
2091 2898
1901 2883
2199 2668
1663 1836
965 2145
3055 1220
3200 2740
2199 2061
384 1616
3192 1326
2888 1053
293 1145
1483 2171
1117 1476
2191 2832
2537 3281
213 1064
1483 1846
387 1444
1411 2296
548 1650
941 1155
3115 2216
2152 2851
2916 1954
1063 3364
2703 1818
2823 2422
1565 1632
2385 2101
1647 2746
2565 1677
399 1113
1119 2583
399 2158
431 2371
652 3263
2888 2331
180 1658
2091 174
1615 2594
2540 1307
690 2970
2724 3271
2623 3133
2215 1569
2150 478
1034 596
1277 2029
2169 2189
1496 1331
1815 291
471 837
1252 629
385 3337
3011 1300
1361 2284
23 635
598 2270
471 2444
2284 1911
180 1690
2816 1339
798 3292
1282 1205
485 2360
2540 905
2070 3210
1454 3092
2810 749
1119 3144
2174 2785
2371 2411
2150 3045
641 2991
3190 2332
900 59
2010 2616
9 2946
996 199
140 519
904 3091
2195 67
1953 2690
2482 3150
2305 741
2699 1594
1877 410
690 1542
2369 2410
2915 1741
1329 34
1875 650
1447 1880
2331 145
1715 3056
2711 974
1492 3067
880 814
3251 1457
702 2390
1012 1342
2332 1482
2681 3247
3212 1367
2806 3288
1133 1630
2028 1740
3140 1814
2547 1463
293 253
2681 3090
929 2037
3271 3391
2832 305
2541 2312
32 2859
351 2133
2740 3058
1171 7
3073 2752
1840 1278
1155 375
2348 2751
1470 2545
629 3018
1152 2772
2191 2387
1145 1055
1784 2156
2076 3224
1826 2858
1784 2637
1589 3253
744 1256
1324 685
2031 1983
3405 3077
2740 62
1987 2262
799 2351
2425 1957
1677 2480
3065 3117
1983 771
2512 1884
1289 1065
1522 966
2073 2749
519 1735
290 1756
1123 803
1693 2240
2988 1344
1958 1874
1324 2198
1898 1042
805 2007
3200 1312
1184 2467
432 2639
3066 401
1412 29
1399 417
1510 1883
1002 472
1572 1927
1587 1626
1836 2104
795 209
2709 2514
302 332
3292 806
2411 1673
375 3319
1577 1057
2516 1340
2492 2830
568 163
1171 836
3021 2940
2246 982
1447 1180
2963 3151
3268 2710
1529 2625
739 1100
2000 913
1422 240
2639 72
1483 2080
1918 1528
1156 3235
2804 3171
2464 493
2668 2748
2606 287
2545 926
3305 1839
19 829
2303 1906
2931 719
971 412
1891 1375
2732 1363
3281 2893
2540 2086
799 3118
1145 1768
2220 1915
961 3386
2300 201
1091 184
1065 2706
3151 3303
1074 2682
878 1198
1898 670
3098 1588
2004 2715
2086 1781
2058 492
183 1832
1324 890
1027 2435
692 3289
3076 1056
1463 718
585 439
548 604
1561 753
244 3147
217 100
2649 947
904 2277
3204 2761
1543 1005
2758 2974
482 2989
1616 148
2565 821
2277 1474
89 1358
1129 3355
2971 857
3212 706
1707 178
1458 1606
927 3163
1111 2609
905 2166
183 520
2299 3258
2858 580
710 1966
770 1469
837 1861
2445 3052
389 2443
1834 1786
881 81
2016 2438
655 2723
902 2137
719 1973
464 1820
711 2862
393 2569
3151 792
178 2333
184 2608
719 2511
719 1671
2994 2457
2786 1176
7 1623
1767 3339
1915 3369
1000 2463
1341 416
2785 758
1815 870
3150 684
2445 1949
2413 2069
458 35
2137 1194
1027 3333
62 1524
1588 3041
2118 2374
431 149
1599 1208
1488 2066
3218 1886
2467 1296
1561 3393
2248 1484
1039 2579
2572 312
201 1684
1029 1081
3372 3229
2746 2020
1053 407
1334 745
1924 953
3055 2951
3192 2841
1942 2666
2357 1774
3180 3031
1827 1248
2467 2478
326 2398
2492 1015
973 2442
2583 1515
1252 1710
1811 2944
446 1136
2145 1450
280 912
805 2287
2986 1667
163 1823
1823 613
1468 1105
1850 2153
2748 1024
792 942
1412 1798
653 1497
290 3380
2888 1737
1684 3203
23 3050
2547 2175
3225 2936
3066 747
1418 2665
1488 1799
321 2799
2460 204
2820 2605
2174 1733
565 135
2851 1237
897 2977
681 246
2374 2573
2037 592
59 2561
1010 577
407 357
1034 205
1492 721
2437 2975
1005 2696
1957 1240
507 709
765 1727
1971 2113
3226 2912
144 74
1312 683
747 480
2059 3095
2636 1306
201 665
2761 71
505 2924
1027 894
100 1131
1056 3049
3200 1847
1577 1721
1266 3072
1927 1170
534 322
2772 3384
1156 2130
996 2557
3041 2805
2625 2582
792 2290
1933 158
3185 2453
2287 668
44 1634
2627 3220
2636 2527
2384 1189
646 1175
3409 2736
2517 2852
227 760
1483 2258
1140 1486
2771 3007
2687 316
3303 3231
211 3214
734 1046
829 1425
2322 3040
1689 129
314 2027
2839 901
912 1069
925 1557
1869 2962
303 1274
2866 1653
2421 1525
659 703
2425 955
1606 602
1916 256
681 786
232 82
2723 2847
393 2431
2672 2518
416 247
2020 1060
1578 1777
2331 207
1151 2465
1889 2571
59 2235
2948 2938
1850 2901
2860 616
152 875
1823 2370
2810 3310
1990 3145
3140 1516
1235 2911
1958 449
596 3211
2460 447
2715 2035
2290 1621
293 1831
1267 2895
3298 871
1835 1066
2541 1087
1446 863
1334 1481
820 2399
1289 2877
1749 2743
1647 1095
1109 1600
2561 2193
287 524
1375 1797
2061 3295
1062 1879
2652 2161
3292 1670
1594 1114
1459 309
1039 2361
986 1384
3322 1866
2361 1102
478 3358
787 2796
152 2645
932 2083
2946 2114
442 2979
2944 2108
1847 2717
2558 680
291 1925
1880 1532
2720 3209
2609 397
2522 2797
2037 2018
2048 772
542 504
2962 2865
639 445
1632 620
2961 2983
2331 395
480 3408
412 1804
1998 2499
1606 2112
1634 105
1587 2432
1024 2231
2595 1276
1457 1986
1727 2021
2944 3181
2357 43
1295 1872
3356 63
2829 3236
2401 6
3273 2201
3063 2095
1345 2316
1826 2349
1911 1273
657 2884
541 3272
2895 2109
1616 339
1589 171
1532 3183
2013 2451
1710 2461
2974 1618
894 513
2421 3331
1498 2650
629 450
2646 1125
3374 2750
3010 88
2380 3410
995 1391
1063 698
2666 345
913 586
2067 1959
1653 946
541 1464
3295 1601
753 168
2495 1283
2047 3328
929 1882
984 335
2763 2210
111 2024
1035 846
1345 1116
1977 2520
3010 2726
1363 2225
2259 2014
1449 2978
492 686
2991 1016
1186 552
3050 2219
492 2581
2351 722
792 1281
431 928
1893 114
2666 1037
3339 2207
1827 612
2171 2976
309 648
1662 337
2509 220
577 1816
1652 1491
10 2487
2091 2234
2305 1143
1486 476
3149 2792
402 817
733 1466
701 2614
1524 2676
44 254
2522 3070
739 317
293 2870
1860 36
3072 396
2646 732
760 1527
1663 2404
1150 740
2039 2184
6 2791
890 2019
2652 700
2751 1530
312 2334
3108 2575
851 350
986 279
646 3028
1867 2343
1840 2996
2965 762
1658 1011
1990 726
1111 2576
1826 3389
345 1754
787 983
1586 2304
3364 77
2736 656
1049 130
3322 855
1530 1008
1915 3034
1049 3038
101 2315
3388 766
771 1960
758 1201
2555 660
718 1494
1337 1851
357 677
2037 2393
326 3244
44 435
2035 2409
1063 3078
482 121
2021 1894
3118 2102
1163 3006
2349 2491
739 1402
1494 136
1710 2881
450 1614
929 1084
3284 555
3034 251
1176 2232
2220 2186
1292 131
1145 3412
1226 1708
2504 2126
1647 2775
3082 366
1832 1327
1011 826
2463 2903
1419 3161
1444 231
148 415
668 3293
69 767
2752 83
2066 277
2407 1467
1499 2973
811 2127
2161 2272
747 1490
1852 2867
1932 1854
2316 1554
2514 285
1292 2667
2526 3002
2210 2481
3082 1068
1047 1287
1915 2042
971 2081
3083 367
760 1323
3273 2566
252 1407
1957 2320
1049 475
1002 2800
817 842
1014 1112
1500 1004
1990 1355
1066 1290
1476 859
2259 1870
1339 751
2415 1128
2520 1782
3049 1395
646 3252
726 970
2020 3280
1277 773
1010 3
2331 2087
513 664
3203 545
1498 319
1323 2521
1660 2448
1049 2910
1467 3265
2248 172
1850 2695
548 1164
513 3166
1441 1431
1527 2741
2054 1583
2772 3152
2896 3051
1978 2208
19 193
140 2855
1670 2072
335 1859
851 2934
2971 66
2676 2928
2936 2160
145 141
2786 2163
1454 1045
35 3027
1205 1138
2948 1059
2832 257
1105 576
1132 3237
1135 2224
3342 3069
135 951
2163 1185
280 2584
2720 1250
2208 2861
2010 1103
940 359
142 3142
1523 1993
71 355
2912 216
1105 756
1954 440
1446 1229
302 975
132 567
3083 3302
3099 2280
805 2419
2859 1845
941 1224
2444 308
3313 137
3220 3329
2736 2669
1542 759
1125 394
1441 1263
435 2276
1468 2336
1577 3016
604 3205
773 3009
586 2891
820 903
830 2871
552 2115
1051 1582
1819 3046
308 910
641 1460
1527 2586
2118 1937
1155 237
65 2354
1233 2719
3305 2596
2873 1279
3223 1964
1527 1420
2193 2063
3204 1094
2772 473
700 538
1248 1021
756 2365
865 2815
2303 210
3212 3036
1483 1031
3076 1251
389 2812
2435 3316
2798 4
653 2424
2599 2346
2305 2065
3280 1122
2599 2479
2962 1270
1909 2886
2359 2733
1085 133
692 678
1467 361
2334 1753
1129 1388
2816 3314
2312 544
257 451
3171 3368
1405 2472
3208 2560
472 893
1630 3019
3151 496
1021 2092
10 593
1181 2188
2957 647
1407 876
814 167
2820 606
1291 230
1545 1765
2710 491
1457 669
413 1149
1404 3134
457 1504
1499 1093
3180 2375
3183 2012
1152 2629
293 500
2573 1666
2752 515
611 1902
2511 1534
350 1537
1375 1575
2073 2402
2546 2767
2951 879
3230 891
2584 248
690 1305
1574 1531
756 2968
2652 1899
625 2128
3013 373
2354 526
1524 782
1954 1417
3270 266
2515 2366
339 2381
3399 1073
3224 2449
3225 1720
171 318
2702 1602
394 215
1781 329
1942 1058
1274 1755
3369 381
3119 3254
2195 2405
2672 1082
2798 1881
1200 356
1457 930
788 3097
332 1236
2128 1006
1777 1346
2874 1674
2462 1372
1955 2148
3252 1505
1878 574
1103 1439
81 2559
2150 191
1850 1465
3041 91
117 662
865 1913
604 2468
1886 1991
1030 2714
1448 1904
2514 3278
1904 2857
629 3123
3283 2505
1654 360
1909 539
1452 2040
1884 1984
354 2808
2347 3053
1208 1946
407 2362
2300 3300
3166 3158
2407 1077
1138 724
2715 2165
1184 2716
2113 2638
1851 1943
1561 1539
2724 2734
2690 2205
700 218
1212 558
133 671
1332 736
2512 222
1869 3216
2061 1374
1924 2353
909 2441
2378 186
1532 1216
2372 987
1835 1430
1340 47
1126 1025
2576 1099
348 1540
1705 2187
1374 428
1845 185
947 2003
1804 2737
3337 2450
2587 2222
2270 173
1046 33
598 914
2695 398
765 41
865 2835
3046 2236
2273 1254
1670 2038
3209 1253
2746 3131
2089 320
3163 282
1102 368
2807 1162
2792 990
91 2212
3078 1177
308 2243
1034 334
1319 523
2763 509
1454 2129
2695 3390
1870 536
973 1338
647 742
598 1678
2547 1406
741 2564
698 292
163 153
2153 1461
3188 2011
2709 1664
2839 3047
2002 2756
2331 2574
3134 2493
1980 854
133 371
1738 1172
1716 1376
3153 208
1736 2278
2007 3173
2220 1681
798 1813
1045 80
1008 550
1374 5
10 325
2349 1428
1175 2793
942 797
2234 2474
1749 3282
2110 169
206 2056
2002 61
1474 455
2883 1397
341 2674
1684 2831
3313 93
91 16
1822 3062
2017 363
770 3299
2163 2766
2089 115
1422 221
2031 1903
3027 161
2649 2261
2608 1917
2261 2176
1290 2099
335 3361
2262 2943
1082 1746
393 102
1471 730
2640 2620
2775 2245
2857 1923
2594 638
168 362
68 2670
498 1310
2991 423
1140 1153
1866 1892
2547 1503
2545 3096
787 2470
837 2310
2693 2930
2065 1646
739 2001
2772 1299
756 2209
174 2773
2361 1596
1503 1865
3352 3301
1915 1214
1537 2982
670 2392
509 3397
944 2355
1734 264
1917 3359
1634 2972
2072 45
2741 1928
1874 969
684 1478
2331 1284
1867 2263
1603 3249
175 1702
1668 181
2012 825
940 2217
1170 3199
2145 2044
2411 828
1006 816
693 470
2880 3128
3390 2533
1059 2678
2517 2256
3390 626
2035 2589
2852 2324
1470 3375
1747 1434
650 2602
1233 2648
817 3079
1384 752
1241 2458
1443 2060
1879 1297
2040 1739
1500 1805
1069 637
1251 528
2560 2420
2331 2254
3151 2025
1891 2610
341 999
1138 1243
240 3138
385 2838
1490 3121
1113 614
1521 2475
316 1837
2972 1262
2037 2856
1867 994
989 1232
1278 2953
2877 1697
3133 3277
1621 673
2054 2181
3257 3213
2493 1038
2150 2317
2112 2622
1681 1166
1343 2634
1618 869
2384 2843
2595 3061
2595 1945
350 107
3313 1054
394 610
745 380
3310 1106
1545 2519
135 1215
1251 2730
1718 2981
1736 2439
1928 2301
1143 3160
1500 2051
1994 1213
504 687
1267 822
826 2111
1537 1217
231 3195
3099 658
1181 3157
2829 2327
2579 2817
235 2729
1372 3222
2013 938
659 2377
610 2552
1881 2321
2303 3233
207 261
1843 495
399 1920
2296 2093
2220 1939
3185 906
81 562
232 559
2923 64
1434 2285
207 737
3329 2142
776 1890
2747 313
1614 2607
880 834
1565 1956
3328 1785
1059 514
2729 1019
1753 3139
3305 3347
2524 1401
3070 2313
3224 1493
3204 2660
1312 1780
751 2302
2381 76
505 2814
776 640
2974 2469
2804 2077
1177 3382
3039 833
1667 516
279 2853
930 3024
596 1900
495 573
2727 1148
3195 3020
2285 1640
2982 1714
703 3124
2927 3110
2931 2082
3205 165
1523 265
1171 1092
1115 551
2526 2553
2369 3162
169 2872
2885 2704
736 3030
2690 2057
172 2959
3380 1930
816 993
2982 2663
2972 2950
49 1981
1242 3089
3342 2131
3214 1951
2977 2318
3147 2034
2205 1723
210 2941
2095 3275
173 2292
1915 1536
1736 3101
709 1442
520 908
2472 2309
1114 2202
132 1222
1212 1941
2245 1948
2540 383
334 271
2687 603
1823 2144
1038 438
2318 769
3223 1608
875 154
2766 907
2481 583
1094 2550
1493 2088
2812 3262
2579 3156
2678 2154
1666 824
1746 1
2166 2135
700 2282
2553 2294
2775 1231
447 3304
1278 2657
828 1382
155 2738
670 1336
3209 1999
2416 2433
2465 2408
787 3296
629 344
2654 3365
3 508
2263 1366
2941 2744
914 411
1915 1648
2462 3264
1404 156
2727 1007
3389 307
666 2192
719 3362
504 2882
1450 977
8 2382
1092 2053
399 405
1909 1257
217 952
1668 808
3181 3003
2830 3168
665 2190
150 3169
678 2529
4 21
1409 2417
206 3285
428 3105
794 3360
240 856
1251 2286
2232 2842
2916 192
368 2611
1652 667
658 2123
379 245
1491 2626
3401 1576
1457 1477
2330 2178
2478 3353
2769 1619
181 1581
1956 1731
3374 2241
1720 3106
1508 1757
1030 1691
2282 2995
2133 581
732 328
660 1535
2666 1988
1891 1362
63 2283
1837 364
2198 2779
2375 1726
816 1330
1786 3197
232 18
551 1436
951 1506
2278 2925
829 1824
1941 882
1038 358
3045 1389
914 1841
606 1260
2696 2244
2208 1908
105 474
1646 790
2625 1982
2550 2423
663 575
1528 228
169 2658
3297 2400
1596 2694
2722 300
1436 479
2181 1844
2825 269
2513 1651
1103 1556
2184 1308
1569 46
660 651
2858 1293
1909 1238
1188 3135
3263 14
3002 2155
3090 2836
579 1357
2749 3001
759 827
1588 2887
2545 2090
2959 3406
2450 3174
2319 382
3262 3113
2313 3122
141 2136
1867 2768
1853 1868
33 1919
1346 2182
402 3022
1060 1041
115 2476
2732 1783
1859 1018
2354 3025
2971 3403
718 2032
1296 2718
1711 2591
1693 634
813 1370
2087 2619
1970 1316
495 2167
2944 286
1733 511
2806 1926
2189 2528
1458 1775
1670 608
1329 1888
2240 331
1911 704
1576 720
1602 713
3229 2116
1534 1961
3009 623
842 2307
2924 1730
926 1905
2898 1659
1475 57
209 306
2695 1080
2704 1830
2231 3111
3147 469
1822 2781
603 2651
1038 764
2302 1624
2900 1381
1211 835
1334 1394
1269 521
2744 1288
2775 560
1987 461
2540 566
1465 1979
468 2183
2207 3234
2034 2252
2246 2922
1066 1101
2706 785
821 2679
2866 157
764 2503
2479 1322
635 2238
3018 79
3119 892
2843 899
2843 3290
2073 1076
1345 636
1623 2008
917 3068
3408 241
350 444
3150 2664
1324 2892
636 2822
3169 2745
713 1563
357 2149
143 582
1209 2068
1850 864
2522 2338
2215 2342
1757 2311
478 3241
2723 934
41 2194
977 2770
1267 884
2353 1182
2881 1591
1623 1907
3145 503
851 3248
566 518
2682 391
2318 2878
836 1445
2586 2801
1606 522
3169 535
1735 1086
788 2221
1855 2023
245 717
2602 1414
2398 202
1066 2760
808 1694
182 1627
2186 1373
346 530
1889 1071
1063 1793
570 1549
1234 3120
62 484
3376 3349
3028 2335
397 644
478 1107
863 621
2202 2117
1299 296
451 1876
865 860
2035 441
3120 2473
1923 631
1626 1124
2059 1849
19 921
2030 867
341 2239
2855 1628
325 2631
909 2096
3022 2615
1753 3093
1635 3378
1519 3178
2369 3033
636 2289
1343 3286
1425 1286
235 3335
470 1179
1886 715
3390 1751
2174 2214
2638 2633
508 2271
2599 1036
3207 1432
636 2488
857 2757
1504 2447
1783 3080
447 429
2238 283
2216 1605
160 1386
1960 1392
657 960
2137 3311
3247 1141
2416 1043
2437 1622
2615 2489
1993 243
2623 584
1237 1896
1790 2477
3361 1193
469 959
1492 512
686 2251
380 3373
1436 1969
445 2379
1904 2204
16 295
1634 1137
1702 2288
3048 2391
1524 2577
1619 2406
1948 1146
360 55
321 378
3094 324
606 1706
835 2141
1211 2721
3038 2414
835 1147
2703 2151
1958 448
2276 588
1749 1725
721 1456
2996 3064
1297 2753
1467 3243
317 2879
309 418
1457 2119
2706 895
2793 1495
2109 3238
1621 2890
1707 2958
1845 436
1166 162
266 533
2483 113
720 502
2029 3367
1740 845
441 850
2034 1294
2287 1485
1294 1204
1492 239
1175 985
1375 1676
1116 1183
880 177
768 1264
2472 3087
2246 1333
767 3341
1186 778
1726 1962
2239 1489
1835 1800
3151 2295
1273 2713
2289 1245
1494 1413
1711 2146
3266 2367
1150 815
2344 1914
616 3242
1194 1717
1926 823
1805 477
1905 1104
2584 1118
1702 338
567 783
2928 2840
1264 2949
1175 1502
1849 3291
2180 3017
2443 2913
1800 3191
1918 118
1114 1348
983 104
955 2097
1811 370
2724 1191
3205 2098
1822 159
3083 1931
1381 3014
359 1315
3268 1354
932 200
2123 2185
2885 259
2822 3023
2422 2904
2061 2554
2321 2889
83 3179
465 3324
1175 1649
2768 791
533 1642
93 1695
3058 622
1867 372
117 1159
2838 2279
1233 1825
2163 1728
785 2942
1959 139
3358 643
101 2306
2133 2100
567 1083
1355 1097
3375 1760
2467 1769
1559 1625
1111 2684
1046 84
1974 3411
160 2140
698 1197
941 1158
2010 2230
643 3267
2213 661
700 874
620 188
1629 56
30 589
1528 2544
2003 1390
1737 2659
1866 1022
3047 2275
2424 3012
2539 553
2252 1921
1296 1423
162 2363
3200 819
216 3032
2906 886
1074 42
1869 1302
620 434
500 2691
3007 343
523 1421
2335 3327
2930 98
1069 1701
1483 964
739 3186
1846 330
2615 1779
155 103
2814 2642
1377 258
2039 2863
1331 2536
2720 255
1193 2062
1978 3274
137 1285
2118 2689
470 1438
1419 1553
3311 2358
300 1871
574 2459
2127 2326
2571 1538
392 3137
246 501
1857 2121
907 1595
902 3143
753 2848
650 1551
2948 3206
1649 632
1906 3344
2300 3164
2501 1309
502 2997
2942 95
2767 1944
2781 2542
1668 1218
2907 2653
2657 2026
767 1812
55 262
2786 3371
1983 872
2720 1712
329 1683
1235 3227
752 2846
59 689
1591 1272
1010 1512
656 353
1913 250
3376 1672
1706 2074
1104 1995
1676 2854
2443 2686
459 2813
758 1089
668 943
1782 1544
415 151
2702 2364
2975 967
589 3400
254 390
494 497
2533 486
1002 1842
1170 75
894 3175
1978 1700
2631 1637
3034 1473
2750 1764
1547 297
135 2237
2609 1052
2852 1566
3073 1644
2089 3159
279 1199
1002 51
1735 1570
2217 1579
1357 2049
870 2500
3039 1088
2171 1963
3150 3165
1118 2134
2142 2389
178 1950
1767 298
2150 3215
633 2617
387 2486
3101 1613
257 2728
1981 1935
2799 2956
2575 1383
1853 1856
2323 3404
3220 3357
556 3340
2575 2266
1870 2138
202 2742
3161 2502
1266 2253
137 1968
439 1609
1963 1910
3083 755
1401 12
156 793
459 796
86 1139
1057 3323
2719 1415
2930 94
511 1772
320 3315
1924 1487
2835 601
477 2548
2034 1161
2274 2578
1967 190
1847 1255
1002 2055
2248 1517
1737 1321
3359 1365
3130 2532
1263 499
445 127
3291 2530
1711 3109
2589 1044
3249 1612
3298 1192
3310 1196
869 2440
2165 1067
494 1873
1557 3321
2463 1571
3184 2103
3138 2567
2554 2506
1375 270
2695 818
2889 1952
2745 3074
42 426
42 1762
649 937
47 3026
1438 2967
1556 453
1240 2551
1955 1788
2741 885
3233 275
3225 3060
1417 780
1634 1657
151 919
2399 1808
2648 2394
1133 3116
455 170
2633 2386
1917 707
3163 1776
408 1223
202 2496
1933 1696
3070 197
2082 109
1498 289
1670 510
1978 2329
2129 1787
1417 3370
1689 1688
1576 409
373 898
984 3112
3406 1864
3410 1347
550 3350
2357 810
1309 2543
506 3317
2962 2844
848 2497
2836 527
3184 945
2614 2170
2822 1271
3067 1518
2553 992
1716 224
2511 3071
1671 2075
2346 274
1904 3348
1427 2397
3255 2954
2840 2921
485 599
152 2570
3281 90
1602 386
2740 642
3116 2427
1537 924
1525 2523
2181 3029
3329 954
1528 1020
1919 3246
1648 2918
2115 3381
137 920
934 212
1733 53
2010 2628
7 487
567 112
1621 138
287 1480
324 916
3040 557
2700 1379
1327 1033
860 2172
163 1311
2386 1580
2262 1349
1746 2297
1994 595
2851 1511
1818 645
3080 2006
2704 2929
895 2833
1449 1144
2074 2875
2390 1567
629 1593
835 1713
1537 2864
1849 236
1295 578
3317 2701
1034 1275
562 349
1 2337
1213 1479
1626 3354
237 832
2048 991
1823 311
1589 1639
145 3392
1341 40
292 1070
2518 3308
3313 691
687 1611
2039 1408
2272 1351
2251 2227
3198 1393
1770 2937
2371 2164
474 3044
2565 2999
830 2107
2643 2531
393 852
2506 1410
1045 600
1814 2604
1000 2590
193 2598
2217 1633
348 1350
2845 1704
2570 889
2511 1195
1100 2218
3249 2485
928 3196
1603 1838
366 1258
3118 3228
2049 2894
690 1318
2114 427
1717 3084
2427 1206
1305 3148
2332 2917
1623 2356
891 1246
1275 1301
681 688
3053 25
2763 979
2259 831
227 437
1097 618
1650 2618
2665 1526
2829 1897
2218 3107
3243 147
2203 2041
74 2624
2280 2698
2815 1675
2304 958
3186 1562
833 2139
3161 2257
1062 2308
1155 2754
3174 126
1684 2947
1423 1703
3369 1120
2154 2780
124 281
2776 1455
1361 342
970 1157
1243 840
407 2250
1488 3385
650 2314
1111 1558
1099 454
1419 750
2039 1655
1330 712
1418 2685
863 2774
307 3250
764 1403
258 226
1734 619
2509 1686
3191 2908
2669 38
2529 2952
537 233
3149 682
644 2707
2075 2050
1011 1225
3365 2984
212 2909
3352 1791
856 839
308 1821
2653 1806
3061 1210
151 1165
610 2731
2918 2876
4 323
786 92
1891 352
3278 1744
3339 1259
1540 1202
2287 2902
2564 802
3149 858
523 2430
2870 13
353 1050
983 2373
1928 2341
1177 1758
3021 3043
1333 2345
1124 3363
431 1692
2612 490
1351 483
2472 2993
1182 3232
2879 99
3357 225
633 263
3073 1335
1404 729
3117 2549
204 2818
269 2229
1294 2778
2341 1369
982 315
1917 731
1674 2264
2993 705
752 1360
1833 3059
3156 777
2202 336
992 2603
3192 2789
689 1328
1693 3346
690 2869
3037 1992
2163 3057
2161 676
1608 779
305 1885
1798 2580
908 369
507 2556
154 861
2729 1079
3266 195
3092 1533
312 980
279 590
3135 1396
3188 1607
886 1385
244 3217
2753 1513
2062 3394
1285 2939
2134 2022
1998 2015
1786 800
2065 2368
548 2621
1308 774
3313 1142
3251 2196
2582 234
2739 617
2487 3005
1633 2588
2965 862
3174 3103
1815 963
1407 674
2248 1298
423 1416
1091 2168
3346 1078
787 1802
1716 1435
2667 716
357 365
2159 3172
692 2340
273 481
1827 3326
846 2233
622 242
2123 1679
1769 2033
180 1227
3043 1887
2453 569
910 1761
719 3114
2820 2697
1876 73
330 1400
1919 2964
2343 1096
2877 679
1811 2955
2957 978
2323 294
659 2632
2961 3306
1964 26
1914 128
3109 3402
2820 853
2603 2966
3226 1976
1362 1265
2795 2708
1998 3102
887 3332
3107 915
2611 1636
2205 2673
2331 883
2704 301
1725 2926
341 1509
1195 58
1696 1592
1910 48
3228 1560
3055 1353
2784 424
18 3261
2140 3008
2925 725
1249 3351
1653 2980
1875 1568
1242 2105
2955 284
3176 2644
2716 54
1461 2630
2843 699
1808 1520
852 3395
1151 3141
966 452
3157 1794
663 695
1073 1098
1084 420
2207 3383
2623 377
2115 374
2654 1190
2055 433
1668 998
10 868
3057 2990
2890 2490
2928 1796
1370 1810
1557 3155
1710 532
366 2828
2660 1699
3358 2494
2553 3338
259 1221
631 1032
1049 918
151 2426
143 2782
35 939
81 2655
2612 3004
3151 1040
2617 873
788 2376
2701 3182
1248 1356
2643 727
2185 546
439 2064
1206 2350
1697 3343
1029 3269
501 2787
1328 694
3137 1167
2379 1003
133 3330
1212 714
921 1997
1847 1507
862 931
2320 1552
2733 414
1288 1722
1582 249
632 1801
2438 1778
91 3387
2050 723
196 1178
794 936
1613 1698
2505 950
3016 997
3400 3256
519 1724
2187 812
492 531
2706 1732
65 1687
1423 3154
1590 627
2347 1219
1931 52
1988 738
2135 1763
2095 3259
46 968
1077 27
1802 2945
454 609
6 1368
545 3219
1549 2046
3380 17
1546 164
2526 2454
2700 2268
2449 2260
1986 463
1426 547
1801 24
450 198
3192 1244
2997 3366
1095 2223
274 3325
2805 288
1995 2211
821 3042
679 1026
1563 775
1507 763
2990 1173
3000 615
1388 456
1571 2562
159 1174
2574 421
463 2802
8 972
726 1817
974 1665
3065 2762
1875 591
2212 962
2044 2985
1715 3312
2314 166
1687 1364
1938 728
550 1863
2100 120
693 2960
1761 1631
2012 2933
603 922
752 85
463 2764
1157 697
2588 260
2418 2226
385 2455
309 3035
3147 2157
506 2735
1536 2
475 3287
3108 1682
1373 561
2839 2794
744 219
836 2790
3022 525
2573 1127
2737 2914
2378 1048
2575 1453
890 425
2516 1759
2455 784
1831 3334
2372 911
2943 2803
2752 1075
696 2819
2386 1807
492 2849
1451 1656
2081 3146
1602 1268
2210 31
1310 1001
1184 2452
2416 134
3108 2641
2111 3307
1923 1017
361 2765
1546 1009
1343 2592
1506 956
2041 1303
2622 1541
1724 1862
2239 1940
3301 781
1093 3377
312 3240
2180 804
3164 119
3159 888
3226 2281
1725 299
975 2661
1311 304
2044 1169
2731 3398
2485 1501
370 1352
352 3318
1815 1929
2941 2683
881 2507
2201 2998
1545 2428
2421 2403
613 2969
639 3086
1568 125
2626 3088
1671 1610
1448 2783
1885 2525
1094 460
1615 628
2573 96
2205 3245
825 108
684 2725
727 430
799 467
10 404
2661 841
1599 981
3065 1230
2530 2932
2317 1108
207 2508
2605 3132
139 347
2778 735
2056 146
98 529
2808 1604
310 2242
893 1989
3158 3187
2965 1638
1300 1922
2177 743
266 801
3189 3336
1706 1934
34 2809
1913 1965
2902 1743
281 2868
2575 1207
305 1585
933 2601
227 2179
2081 1729
358 3125
150 1387
350 554
2408 3015
2447 1134
1306 238
2438 116
2793 571
1511 1947
1186 1748
643 3100
830 3379
2002 2471
2474 1239
2486 3260
2704 2036
1193 2484
872 1643
553 2120
2206 948
646 1895
2373 419
2630 214
3262 1773
3103 2635
560 39
3133 2759
2846 267
657 3075
2459 22
2024 1792
1236 1380
674 2124
1407 2535
204 1709
2331 2143
2950 2647
2924 2534
2480 3221
2292 327
2397 2052
1474 1280
2357 543
3283 1325
2990 1975
3377 3407
796 1472
1510 1548
2638 2919
1171 78
1687 1752
527 540
1427 50
1600 462
1746 2298
2852 2705
262 549
158 1829
3365 1828
3010 203
3077 15
2007 11
889 2084
656 2824
516 1160
926 587
1166 2228
567 1187
1314 1429
1395 2197
1151 2395
3163 229
481 1972
2068 1304
1335 757
2766 2352
2012 2692
292 2009
2019 1203
2150 2600
2326 3239
3374 3126
733 1584
3370 2269
747 624
2865 268
2313 176
2496 2688
888 2821
2117 1645
1956 1620
845 2662
2194 333
2077 187
1134 122
