4000
3941 2354
2354 2274
2354 3299
2354 3892
3941 920
2354 3227
3299 2217
3227 3415
2354 1732
1732 3630
2274 3944
3892 3979
3299 3380
2354 1056
3630 2467
2354 3119
2217 1821
3892 1597
1821 1947
2274 2265
3944 2855
2855 1126
1947 1324
3380 2607
3227 264
1056 1241
3979 3733
2265 486
486 1556
1324 3569
3380 3277
3979 97
3277 3790
3569 203
1821 3902
1597 1148
264 3492
2354 1339
203 832
3415 201
920 2669
3944 582
2855 405
3569 1316
3277 2000
2217 3489
920 2006
264 2329
1821 373
3941 3520
3299 195
3227 1322
3489 940
2329 1740
1821 1676
582 3137
3415 3073
582 3261
2329 2188
2669 1286
2274 611
2607 2929
3944 403
264 3704
373 1715
3261 3319
3979 3182
2329 3304
195 1771
582 892
3941 2627
3073 968
2607 2737
3304 752
3790 688
2467 2001
3630 1010
3979 1297
201 1287
201 2919
3492 3501
1322 3747
2217 3564
3299 3877
3902 1269
1732 778
3182 882
3630 3107
3630 1521
3564 2668
2627 3012
2627 359
203 2366
1148 3942
832 3404
3942 3734
1947 647
1287 1750
3119 3005
403 1135
1597 558
3902 2945
2217 2889
264 2419
403 1282
1521 1578
3941 535
1732 551
647 3405
2274 3154
201 1950
3630 3260
778 2406
3137 950
3877 2622
1287 3914
1241 1393
1297 2342
558 1822
373 594
3942 1785
264 2198
203 254
1241 2327
2669 365
1286 2037
1286 232
2419 1160
2198 3143
940 1267
3942 1532
2889 2418
535 942
1322 2720
1393 3958
2855 589
2198 2462
203 1275
2929 1261
1947 3732
3501 1921
920 2155
892 692
3182 2005
3005 3127
2342 3272
3941 2875
203 164
2669 3886
1010 2365
950 2251
647 961
2919 2953
1010 73
201 3667
558 1775
1521 2845
1126 1861
1521 1561
2855 269
1921 1961
1961 1746
2366 1768
264 3919
2668 2663
1393 1352
1126 2138
3127 2564
3747 1741
486 2410
3304 146
3260 938
3733 3924
3319 3670
2410 2843
3733 3195
1287 1129
3790 1071
3732 3963
2418 840
1269 259
2005 3406
688 132
3892 1537
2467 2608
3299 263
3415 2637
3564 3982
3415 620
2607 156
3404 397
940 23
1316 2585
2188 2887
778 352
1771 3685
1393 1323
2622 957
2887 1976
589 642
892 3827
3877 1894
1894 1680
3942 653
1537 1234
2669 2734
1861 2812
642 2187
1286 1690
3877 803
2607 2913
1160 3754
2622 878
1894 1959
2668 1762
3982 3009
1746 1389
2608 2082
3492 1397
3914 1499
957 3327
2365 2380
3963 162
2913 2035
2919 1235
97 2308
1397 194
3630 381
3380 3787
195 3962
1950 2728
2419 3796
3685 1791
647 2385
3732 3271
3914 1190
2887 837
611 914
1741 1899
878 2242
1297 3753
3127 1870
259 1739
2410 1852
2187 1601
2354 255
359 1158
1768 3135
3143 1152
1297 1614
1921 707
23 2687
1741 2288
2843 65
3704 2101
403 561
2217 3722
1282 2057
647 363
486 725
405 2946
3734 595
1894 3022
3892 602
707 2594
97 3211
647 1814
3569 3556
2265 3044
2728 15
1160 3763
1556 1599
3261 673
1870 625
892 3964
195 1567
882 3981
1537 1248
1785 849
2728 1837
3732 537
1160 844
882 1952
1322 2068
1316 2435
2734 1175
642 1360
2001 1266
1768 2910
2607 40
1762 2662
2251 3037
3304 593
2843 570
2855 3966
2410 231
2919 1143
1976 3974
146 1617
3962 3791
3227 526
231 3643
3944 2170
2410 1304
1740 2243
269 3538
2251 790
611 1009
2365 3482
3754 2857
961 1575
1921 1875
363 2451
3211 1804
642 3631
259 3881
65 2118
1750 3110
2913 3275
2188 361
1750 590
653 3680
2607 3105
352 1810
3022 1283
3974 3097
194 802
164 3363
1071 999
1741 487
2380 2819
593 928
2118 3445
1852 2862
1870 2950
1071 289
999 591
3107 1483
2365 847
2037 2387
132 2320
3631 730
1148 2939
3107 484
2354 2310
2366 3805
3005 3580
381 417
2320 1797
3670 1416
2057 2396
1129 3638
692 2159
2662 101
3022 2358
3564 250
803 398
3722 1096
363 205
2862 1403
3704 2619
620 1342
1961 1936
232 2736
1129 2656
1936 3889
730 296
1797 3212
3638 720
1269 1907
2585 3134
1261 2226
1286 1825
2068 284
778 2260
3881 1554
2001 1058
2329 3481
3044 1101
2406 337
3272 1968
1342 1656
2260 852
1056 825
3275 2691
1952 447
526 498
1483 3639
3704 3368
1715 3274
1936 490
1261 1992
2000 2725
2855 295
2310 1862
1282 3938
3643 2740
1126 3650
3680 3885
381 3010
1775 1227
730 697
2736 3029
1785 2316
3405 2345
914 1219
3319 3206
2005 3076
398 3258
3022 2743
2875 1388
3643 2490
201 2141
725 2464
3022 2548
3012 1450
2187 476
1158 3890
3942 253
162 1130
3958 305
840 3817
1690 583
3732 1272
2310 3947
3182 3975
146 1886
1129 1516
1741 155
3817 3391
3763 1945
2082 2322
3127 866
3650 3459
3010 3879
1741 1127
3277 3180
2857 2489
3747 235
1771 1866
484 3322
790 3432
2489 3716
2687 3844
3944 2194
1148 1299
1175 2348
23 119
3044 3326
1158 3409
3722 3822
2354 137
752 2034
1578 3256
1297 1891
3966 3189
1791 1019
1575 2711
284 609
156 1653
1127 1869
2607 3333
2396 2184
3299 2382
1393 817
2308 2167
2068 1643
3680 219
3890 265
1746 3720
1575 1770
3073 3918
1397 404
2348 1121
2034 46
1129 1912
296 918
265 1592
15 1396
3304 293
3501 1208
526 159
1912 3017
720 2900
840 376
1822 1443
1643 2190
3556 740
2594 3285
404 1381
1870 3035
3963 1911
3097 1494
254 3361
1894 236
2855 2771
3630 2636
1010 2941
231 2164
2170 3672
3285 3071
2187 1103
817 3774
3982 1232
3966 1641
2418 22
2435 839
195 391
803 2830
2855 1918
3260 509
2382 727
3404 662
3974 890
1208 3018
725 1262
359 3907
3333 2179
1746 3454
778 2927
1852 135
1837 1434
3285 2675
1324 1596
2406 3374
752 2450
2138 502
3975 2617
3963 924
2464 2153
2451 1294
918 3153
2734 3619
1907 511
3556 675
968 1588
1103 69
1397 1296
1324 2603
2418 1477
1019 1963
752 1842
156 1890
3005 3131
3105 3084
3817 2091
2910 1763
3732 2750
2946 2183
1396 581
968 3217
2406 656
3791 2908
264 2709
3482 453
3404 659
3763 3852
3720 1024
1561 3792
752 222
2320 3248
1911 2448
730 1291
2034 744
2387 2568
1019 3876
1483 3898
3248 2270
2451 1873
1875 3340
1241 830
2568 213
2617 812
2194 260
3918 2838
3890 2475
561 1178
1762 754
653 3132
1750 371
602 1363
2322 3594
3227 310
1275 2046
3195 769
3127 106
1866 2633
1296 3202
3143 1032
2385 1956
447 3424
3029 58
3941 1003
1822 3266
119 2722
1148 2811
769 2512
1299 1726
2675 640
2855 1159
305 2332
1750 686
1599 1245
1596 262
3256 152
1245 1105
3044 1832
1129 624
490 3320
1821 2952
453 816
2619 952
1101 142
675 52
837 3883
802 1761
2608 3393
1643 1194
3022 2844
2908 3166
3667 3016
2490 2703
484 1688
3248 2873
3304 302
3135 343
849 3807
2164 2437
642 1904
3105 1230
2603 818
2622 2584
3010 3997
3564 3812
232 1133
3958 2392
3275 3882
1952 3545
3754 3292
2952 3431
1324 2969
852 2744
2945 322
417 2339
3489 1792
3822 2012
2722 3529
264 2097
295 2367
1676 3398
1653 3987
3817 2796
3918 3359
1360 3897
2217 57
2327 1910
1096 2010
620 3917
1248 1479
3406 2827
404 55
232 1546
3137 884
686 1806
1133 1864
778 962
1837 3819
3716 1609
1741 715
253 3158
254 1073
2385 804
3482 2806
3812 3358
1096 335
3883 3537
3716 3410
2633 1188
2607 3042
1056 3553
2358 104
1360 2314
1763 2038
3619 865
593 2335
142 1823
725 3880
2900 3089
1950 1542
2607 1045
3182 1374
1262 1640
2709 435
235 3596
3227 2629
2927 2550
593 2802
1287 3903
2332 2984
2687 2100
2830 3856
1516 177
778 3783
2857 3458
3941 3177
476 2372
3010 1629
1342 3862
2811 2163
3877 1774
376 568
2607 3893
852 1709
1374 3522
3158 912
2188 1531
715 1085
740 608
1477 732
1024 2676
3890 2640
3071 1619
195 456
1152 1455
3791 2488
3409 273
3876 1265
1842 2507
752 1202
1866 1082
1601 3280
1324 1710
2010 1718
581 3992
535 1830
2845 1699
1875 3577
1265 2195
1592 1949
73 2326
3482 541
2190 3712
1342 3843
2366 3691
1910 21
3883 112
3856 384
2141 939
373 2334
1537 2282
3304 2599
2251 3697
2827 1759
1178 3302
1676 2781
1499 2642
3819 3674
2118 3382
3391 2064
2617 3781
3754 3192
1443 165
803 3385
1546 3568
2437 3438
847 3789
3029 549
624 1114
3322 2154
3022 2083
3553 2176
2068 500
3822 1980
624 2833
2183 187
1653 1604
3363 1259
2068 1526
2984 2275
2367 3864
1133 3237
2385 1149
1907 173
832 389
2327 2567
1003 1991
1009 1662
1640 215
3192 3470
2796 3745
1959 3104
2728 1354
3889 2572
1056 695
1936 1583
142 145
3924 1703
624 474
1814 638
3537 1723
2419 2032
884 1838
3398 2867
3177 451
2005 248
640 3906
3018 3353
2329 550
2410 3764
2796 553
840 2137
3212 1303
302 1983
3212 114
1434 3799
3076 2892
2709 2492
839 3994
3217 3278
248 3689
1936 789
205 1237
537 2362
3195 18
2006 1284
1396 2036
3674 3435
145 2089
3918 375
3906 1102
3363 3187
1339 3646
3482 3707
3319 975
254 2958
2728 3946
541 1199
1870 2162
892 1258
3454 3167
3393 2486
69 3093
2137 1889
3093 2414
3380 2881
3454 2085
3918 1187
1617 1925
3864 3543
3543 3287
2867 3706
3947 1166
3942 1426
3382 864
2082 81
1676 3072
3424 3978
2448 3533
112 644
3018 430
3237 1109
1597 1510
3073 1327
2969 1405
3398 2891
2001 3413
260 1679
1899 1586
3764 2317
2608 2600
1272 1547
939 482
1405 3605
146 1713
1739 3601
3022 3434
3543 138
2802 879
1339 3719
2195 2732
2217 2033
1578 2112
892 374
3285 3043
1234 1689
2198 1014
3445 2107
561 2283
1324 3677
3852 592
2950 227
3685 2211
912 1
2887 206
1283 1938
1230 290
1 3370
3292 2948
2728 1353
3105 1737
2320 585
537 3510
2251 2258
1662 731
2725 3477
2812 278
1133 3666
1643 107
3322 815
825 3140
1019 1674
137 2312
1403 462
2619 80
3227 1650
3093 2665
2637 390
1265 251
1149 66
561 2561
3110 3447
2012 667
1592 3083
293 3330
3137 2524
2141 669
1393 3448
837 3616
3892 2999
486 743
231 2189
815 379
551 3294
373 3039
1235 3026
3137 1132
1601 2809
593 1488
1265 3607
2450 3471
3258 1474
3789 2899
2662 2408
962 615
1715 2786
187 2516
201 775
1032 3080
2187 3062
451 899
262 3540
2091 340
2082 2007
1102 1137
1135 2501
3790 19
1526 3915
1679 3015
1121 1260
595 607
1741 869
155 774
1741 3730
920 605
1656 1637
278 2212
3016 3235
2796 141
2162 3179
866 1960
1842 3185
865 1517
1619 336
2118 1551
1983 3155
1114 766
1316 2487
3890 1716
3153 985
766 855
255 3693
3719 131
585 814
3275 559
1750 2645
2032 3692
581 930
1551 2244
1531 1464
40 2814
1058 1110
2999 1571
2334 452
3520 861
1258 572
3380 2239
2274 2961
3406 3058
541 3230
1019 630
1583 56
2812 1090
2000 2416
3072 1415
3720 3614
2892 1463
3879 3565
3424 1119
2320 531
15 70
1875 105
1911 1350
389 2612
855 1107
56 2834
3166 3161
3903 2250
2486 1856
1792 24
3619 3032
1609 2971
1479 3414
462 519
2550 3142
81 3232
498 2729
2665 2146
2414 875
3104 1704
3966 3575
2953 1441
535 867
2187 834
656 1212
2406 3620
3260 1018
2387 2279
219 2742
715 716
1463 1328
2945 2647
305 37
1825 192
2811 3934
2910 1548
3404 2016
3155 333
879 1512
3877 525
3843 1452
3886 2479
692 2884
3258 1782
2010 1967
1071 1965
867 767
296 2021
337 2135
2734 897
1389 1808
1886 3749
2612 409
2910 3986
1159 2426
3470 709
1121 584
1592 757
3605 2139
2189 3210
1121 3558
1771 328
3105 901
2806 3821
1260 1428
2875 3352
289 2460
3256 2763
2971 252
3073 1308
3044 1413
2282 1513
452 3615
709 2042
1968 1077
2408 3830
375 3122
397 1047
2600 2776
3432 210
3691 2766
3685 1059
18 243
583 2129
638 3678
3431 1177
2971 1084
3482 2363
2316 764
1397 1970
3605 1490
3406 3369
3391 1318
3864 1686
3902 3269
2448 713
752 1553
1699 3030
840 3351
1732 433
2945 1491
3907 1824
1704 2748
837 1228
1774 3321
1047 948
2781 3437
3722 682
740 2355
1690 3377
2662 3095
2322 2337
1804 1665
1703 3664
3986 906
638 2459
659 3606
18 3175
3907 353
1360 2031
899 2457
2426 2987
2608 1309
3749 3838
3260 1222
3938 3547
3664 1854
236 1893
928 2220
2362 3483
1976 8
3155 2962
2584 3243
262 2157
592 3713
940 1536
3605 2485
930 723
1490 2655
37 2715
1194 1256
2462 2597
159 739
669 2772
409 596
1810 3121
1010 332
3918 470
2953 841
2572 562
1936 1044
2283 2421
3893 2535
375 1348
462 3526
2561 3972
1291 234
725 719
2188 174
1474 3875
590 3611
3369 1319
605 1687
3680 512
1319 1214
3471 3221
1512 736
2776 3910
2212 3950
2239 2229
484 1820
1328 1439
389 3988
3754 2890
1208 67
1960 3196
361 2048
379 1106
2489 874
2265 3916
1396 973
3898 2161
1135 1087
2459 3000
1674 386
1354 464
3042 3165
3143 38
1750 3676
3575 2413
2999 3858
757 3675
3447 3423
1266 2635
3448 3430
3393 504
405 2364
2781 1218
3580 1623
1266 1630
1248 123
3131 3534
1856 1392
3858 1755
1222 3225
2457 3824
3434 294
924 3100
2212 1379
790 1482
2462 2859
3547 427
878 863
3089 2828
81 1247
1674 2480
2584 3731
1870 2509
3167 2922
1687 2386
611 1697
568 440
3796 694
1630 1351
3556 2589
511 1509
752 2504
2413 1066
1820 881
3158 3845
1441 1321
2927 958
2016 2699
2859 909
164 1860
3369 2254
3414 1743
1548 3234
263 1335
3897 3209
3789 3444
1810 826
2275 2565
2987 2144
3235 781
2042 2788
379 3115
3667 2815
1126 266
769 2768
3182 1760
104 2087
21 685
289 3772
3713 2369
2881 1398
3084 2438
3448 181
3005 3219
3269 214
2814 1677
537 1953
2699 280
2742 1302
1103 3025
174 64
2962 3743
3110 2789
2372 1664
3104 856
332 2586
2720 885
19 2782
3792 1224
1415 3290
2748 3383
1084 3106
1856 3019
1175 323
3553 3174
3501 1651
3501 2888
3577 1978
1950 1753
2711 2898
3437 1254
3716 3949
3437 2440
1363 3948
371 2473
1911 2661
3292 1758
3019 1485
2922 1457
1755 3872
899 1366
3167 1685
2457 1520
1614 2893
231 3231
1003 2145
174 2066
1350 2960
3614 1892
2881 1475
3177 2113
752 1176
3992 2872
3819 2842
65 1635
3619 1113
2242 3268
2113 2074
1232 396
2844 1062
404 497
669 3245
1688 735
713 1407
3009 125
2744 698
1045 2223
3287 603
1617 3296
3949 2783
2629 220
2159 1987
146 1430
1967 2098
2194 2832
1970 2465
1824 3156
3704 3355
3431 3372
1319 1655
3340 3741
1403 2957
323 2638
1135 313
3917 1030
1133 434
855 2045
3432 2879
1892 614
1629 1671
1904 540
2567 2086
3018 1211
2969 777
1254 1646
1304 2931
3880 2767
2509 77
2254 3508
1820 2130
3520 1448
3691 1500
2636 1385
310 3871
1526 1867
295 455
1586 3769
18 191
2161 799
3359 967
123 927
280 3428
3175 3101
328 1511
3405 1372
451 3866
1950 1796
498 326
2064 364
2638 1834
2167 1916
214 1257
1968 971
1753 913
1960 2759
1938 1205
2157 1088
2961 738
3037 851
1218 483
3406 3441
2796 416
455 3038
3774 3507
2164 2575
114 1570
1664 2208
2568 619
2900 3908
1062 1727
1047 298
18 1603
3796 2784
2584 1935
1651 3823
363 2436
3674 2040
2363 3347
3507 3810
3430 631
1870 3980
897 3220
3093 2069
1045 1070
1352 2004
1709 3148
1348 722
1342 2293
3719 1975
1655 2070
1770 338
1322 3116
1873 1244
2190 3647
3231 1793
570 1781
2048 1061
1379 1341
3110 2152
1630 3284
2819 843
2366 1868
1548 2432
512 49
1222 2780
2184 1288
1556 2571
2035 2075
2005 1714
1852 2777
2048 2706
3745 3504
3754 12
3135 943
638 524
3038 2895
391 530
3423 3518
804 3462
2155 1097
841 139
3537 3074
484 2785
2265 372
2012 308
1715 2534
1003 1068
3477 2848
713 2955
3704 3663
456 3771
372 212
1261 1658
3944 3888
1655 2601
1248 9
2187 2578
1339 3870
2070 1851
2814 3859
1899 617
290 3599
1323 190
3230 144
2740 966
3529 1829
3647 1557
3747 900
2416 1365
214 2424
686 891
804 1835
906 3794
512 1281
890 2352
2734 926
3156 1657
2459 221
1814 3927
3107 3901
1190 339
3792 299
3211 3172
464 2381
2617 445
97 2442
2599 1162
735 2657
709 1974
1126 1574
3382 1427
3153 316
3243 1320
830 1696
1318 3780
720 1897
3927 424
1047 3282
3772 3453
73 3562
1714 249
2385 2201
617 888
1674 3007
1677 193
2661 2518
590 2932
3769 2934
607 1042
940 2986
3166 3213
2737 98
2366 2092
2362 3891
2848 2959
720 1621
1825 2808
2163 2014
3143 2746
1621 3632
926 2997
2736 1011
65 91
221 3273
3062 3147
3409 3338
803 3214
2188 1080
1342 3591
1107 1706
594 2869
519 3317
2550 2104
667 3246
1269 1836
2767 1877
2475 2707
1975 2667
1428 3068
3195 3070
1665 2289
1320 367
91 3307
1689 2132
205 461
3556 3884
582 3683
1187 2299
3105 2803
3225 1942
2385 442
875 2521
1992 1530
875 717
2742 3721
2208 3516
1214 1927
1175 3286
1864 2020
2806 3384
3601 3362
3852 784
1258 426
2034 2090
2413 2998
3266 733
3043 1123
1047 883
825 822
1516 2775
1674 1881
2012 1465
3677 1564
3852 1180
1393 577
1774 2938
2931 3857
1014 3832
193 3375
3885 3878
2766 3535
1148 61
1328 224
1679 2588
2578 2598
2153 542
1630 2063
1834 1012
3674 2823
2242 2907
1911 2291
2326 1682
2421 3595
3794 681
3992 62
878 829
2819 1400
2955 198
3713 1543
3917 1449
2212 1395
2385 2634
3116 2821
1045 3736
1254 472
883 2880
667 1678
2282 801
3919 3770
205 960
2310 2253
2170 3465
1205 2185
541 1495
12 2181
940 2616
1820 3129
890 4
2144 2498
2879 833
3454 110
1571 1767
2872 3
231 3329
3492 3932
2258 1115
2855 1204
1396 393
3232 3920
2358 1538
1448 1051
2955 274
2118 2474
667 3936
2900 1572
884 2926
332 1811
1227 382
372 2689
2392 1887
2720 2649
874 1708
2362 902
3908 3874
461 1075
1521 1840
3763 211
1656 2609
3647 1663
2775 1981
818 3703
2342 3229
1586 3183
2663 1151
803 2434
3535 1817
2144 1264
404 2836
1365 14
3154 3111
343 1731
3441 2951
165 2009
3327 115
1553 2497
966 563
1247 3952
2938 923
3231 2886
542 1957
1319 935
2366 1315
2457 1931
3167 2370
3351 2376
1960 546
816 1046
2007 3597
966 402
3037 1955
3878 3113
675 86
1235 1026
764 2
3844 186
3180 2445
1961 1454
3483 270
1395 3238
2891 2422
215 3426
3058 2003
2598 3593
961 2373
1135 3793
2498 853
1388 600
447 2013
1110 2049
3553 1089
971 2822
3936 1399
3137 1373
1044 972
203 2249
393 904
856 481
409 2456
3258 1930
1978 1507
3016 3360
743 2454
1014 2351
2699 1420
2958 1470
2908 3407
2669 2526
3685 3446
1327 3860
3595 3999
1014 2980
2859 637
236 3989
3595 3841
891 2525
952 157
3743 3657
2490 3053
790 230
3733 2384
2945 2050
3994 760
1114 3422
483 2458
1282 54
2926 171
2999 3727
3790 2203
2012 2178
3946 666
3677 2680
2588 1173
298 2670
1676 2904
2288 1666
2806 1285
2612 2471
3643 3308
3764 2115
2138 1728
958 1815
81 3850
195 3088
2004 1333
2365 3392
966 571
1151 3064
2880 3814
1604 2222
3015 3610
3155 183
2138 3996
1746 3686
3575 1932
2526 1349
3716 3661
884 2041
3007 3468
744 2127
825 3479
1603 1242
754 429
3677 580
3438 1098
3792 3028
3209 3069
781 622
2170 613
1836 1900
912 671
1793 3655
2155 2496
572 349
2828 2540
1129 889
296 2911
2619 779
3510 1459
3177 821
593 2321
3307 1738
2657 2160
2603 2804
1980 1691
2886 3506
1870 905
2913 746
2803 3381
367 3138
1102 76
1009 953
114 1505
337 3094
1910 2916
1051 1252
409 2825
3235 1711
2796 1888
3736 1790
722 1438
3101 2865
812 1418
1097 3546
1106 2991
3037 3440
1821 503
1904 6
3095 2378
939 721
3876 1734
3934 3117
814 287
2729 399
1285 3464
553 3517
1194 1735
926 711
2254 1982
2376 2481
2589 2470
1599 247
1151 1380
1663 1144
3888 3386
3438 477
386 2717
220 3013
3116 3427
2534 3461
2138 2769
3615 283
3437 3354
1554 2854
803 3820
3256 771
2385 63
144 3486
1224 460
3229 2964
464 2383
409 1878
3859 2591
817 2508
398 3403
1241 133
589 1618
2089 1478
349 188
1374 118
1205 1155
2326 1610
1062 2779
2459 880
3338 2541
2282 1108
2783 3635
2322 2484
3019 3364
865 3027
2451 2495
2132 489
2676 1853
2112 986
12 1724
1259 807
338 3701
1126 917
715 3091
3987 3608
1793 1879
1051 1999
3187 2623
1965 1602
3458 300
2585 3967
426 3587
880 492
2891 1279
3321 3550
3546 3739
2484 1773
853 2286
2485 678
1592 1857
3769 94
1282 776
2181 1467
66 523
3882 910
1089 3021
1740 354
3361 488
3844 548
1955 3815
155 3847
3793 184
1121 2826
3220 479
1511 643
571 2799
3142 3388
2661 2778
2345 3485
3243 555
3423 2371
250 3478
3174 2311
1935 3474
3764 2062
3362 2651
865 3622
874 1902
881 2795
376 783
1011 534
1365 3802
333 2213
194 2533
2927 2882
2213 3628
1597 1020
3543 1639
2786 516
1561 3328
2706 473
247 358
1202 2340
1746 2559
1810 3912
3317 1150
2242 3559
2559 1364
3864 2411
1743 1503
2320 475
3119 988
802 1091
2782 3008
12 1361
1068 992
1696 43
3676 459
43 1481
3534 140
1785 2818
3485 2325
479 225
1360 981
2680 3204
63 916
2135 1787
2640 28
3518 1028
1499 2257
1814 3002
3859 3298
1891 2393
2335 2109
926 3130
2195 2441
393 3773
1873 3737
426 2587
972 3768
435 3738
464 3169
1891 2604
3100 564
2450 2192
1288 1462
1450 2023
23 809
3608 894
1949 3621
1640 1226
1945 493
3646 425
3430 2905
2087 1998
2490 501
2365 652
3577 1751
8 1118
613 1040
3506 3011
643 1195
2869 1757
2814 1476
571 3612
2438 170
487 317
2504 1037
3130 3626
1657 2292
2016 3896
3195 1559
1526 411
2422 2147
73 1865
2737 3198
433 1145
909 2328
3000 3809
332 288
3282 2353
2112 412
1548 2970
2090 1555
1237 3476
3932 2284
2882 536
412 92
2669 5
2780 1535
3172 2920
2041 932
3678 3289
2743 3776
2571 2065
866 2133
1407 3929
1806 1081
3550 2409
364 2052
3830 3125
3972 2760
473 1312
1434 1920
3362 3152
114 3466
2776 696
3182 708
2789 547
2961 3728
1162 3341
3211 2943
3992 798
3631 1334
735 1673
3388 2630
731 2231
472 2562
1130 2149
900 3318
3032 1031
1441 3034
1110 2972
1685 2359
1080 3052
971 2648
3428 2472
1716 311
1450 1620
184 148
381 124
2112 1310
3258 478
236 2483
1957 3969
260 1701
2001 862
652 835
213 2361
3080 1941
682 1748
1968 2917
1820 3178
2785 2307
3393 1382
142 329
1746 3600
234 3480
3713 3059
1864 2874
1753 2304
531 297
311 2306
2630 3849
3383 3970
1759 2620
1991 566
1009 2105
3414 1549
509 1627
3269 965
2663 3337
3038 2173
1454 2255
21 2863
2524 3959
3599 3495
376 3128
2637 2466
3183 3926
2778 3530
1699 3524
2772 2169
503 2527
2181 223
221 1016
274 1504
3015 2639
2639 2810
3843 3251
1709 2391
1463 2678
2620 1255
1430 3813
2812 2072
814 2614
2089 1017
3355 3624
472 3045
152 3218
1135 1401
336 3349
2414 2336
581 3412
1870 601
3689 857
1061 3808
1450 2877
3631 84
3445 2576
94 2797
3261 226
3674 2850
234 1406
2253 1667
225 1193
746 2264
2169 1560
3476 3726
1062 677
3918 2123
442 3201
1353 820
1388 1064
426 3488
1950 3602
1176 2753
2647 2967
740 2673
2703 1863
2363 153
2789 660
600 3779
1834 2093
1310 749
669 1812
595 3513
287 2405
856 2981
3084 2463
2524 314
1862 3528
3424 2374
3107 241
1641 1277
2728 1717
486 3570
3347 3652
2575 2593
1286 1497
640 2553
146 1444
2927 2652
1863 2024
1062 3690
2810 3411
101 893
2243 573
3476 1933
3994 1263
2336 2015
2934 2800
2441 3592
2220 1104
453 3617
958 3923
749 2897
3471 2856
3743 1207
3949 2088
125 621
2024 2581
1932 2207
255 2043
938 3455
3600 1917
2999 1492
3413 3627
1750 3551
3155 2433
2069 3634
2850 1147
3827 2219
3850 1744
484 2029
3427 1799
764 1163
2282 2230
3743 898
1886 3429
1016 467
1495 2150
2424 3184
1427 578
1312 718
2466 369
1621 1626
1555 2165
2562 1216
807 2468
2938 2302
3174 2126
1662 2947
1178 1425
2630 2395
1011 1330
881 954
2034 3123
260 2829
56 3867
3823 1055
2867 176
1407 1378
531 3342
3889 3578
3879 258
2050 903
2097 1181
273 2158
1372 3869
1717 3387
897 2252
1144 658
3431 877
3121 3928
1061 3828
2958 2111
2729 108
602 1986
1835 539
2226 3199
2711 1766
3796 2053
2462 1447
2326 2398
662 761
3655 1139
482 82
988 2966
2651 3584
783 1027
1262 2757
2329 3311
930 1435
3468 3109
2819 2555
3518 1419
1868 3659
3220 2654
2929 1681
2219 995
504 1582
2348 2301
2320 3325
333 3679
2908 189
1126 158
3337 1376
3877 272
2572 3390
3743 2982
2062 1157
2380 977
2165 3552
367 1186
1372 3339
642 2677
481 508
2645 2853
3426 3940
192 2605
336 1412
1175 3649
3084 2166
1546 3625
2150 1200
1407 710
3948 3001
2959 1882
3302 378
3326 2128
398 2696
455 2671
3986 3993
2898 1684
1123 2721
847 3075
1237 1480
3940 636
3101 873
3273 3491
3368 2425
1318 275
3202 3376
757 2172
1888 2051
892 567
879 3976
653 87
2913 2901
3180 1802
1091 941
3537 2290
1822 1484
2126 689
1875 2543
2939 2685
3679 663
1028 1593
2481 3396
1118 2200
2459 2708
3963 3913
1159 218
3038 419
227 413
2219 2174
3027 99
3976 407
3290 3312
3734 1539
407 1898
2647 3335
3480 3956
15 668
403 3484
3409 39
2786 514
314 16
3002 3576
322 1647
1630 3096
2231 1336
2275 2538
1365 2259
181 782
3932 2269
1603 2755
508 2650
3893 3767
3238 3401
2504 3811
278 342
1097 3200
2622 1579
1286 3469
1866 3120
3412 1964
2810 2787
3674 3086
1509 1120
1477 93
1881 3784
3787 1069
1242 1514
1761 1587
942 768
1802 1906
66 1142
1817 1236
403 1013
749 2580
1115 1989
152 309
492 415
3360 2672
523 3493
1682 1005
2720 3834
1058 3613
3520 655
3793 1798
3437 1926
2369 431
2873 876
159 1903
1187 683
3822 1794
2480 3925
1504 2248
1617 2168
1339 3171
1930 726
1857 3515
1 1357
3446 2175
722 3085
669 2455
255 2338
807 786
3676 3050
2332 2758
3799 3566
2907 1905
478 423
2671 401
2348 1039
1339 2954
3914 543
352 1598
1614 3931
3876 1355
220 1437
3359 3740
1420 3724
625 2368
142 3065
766 3710
2194 3909
1336 1844
2248 1616
1531 348
663 2912
2575 3173
1398 3855
2053 2182
801 1250
3396 1515
3147 1458
84 3389
2440 2613
3734 2148
1016 728
1449 2294
2617 3357
678 3995
3318 2246
1894 1122
786 312
2540 1652
425 3020
3072 166
3768 1692
3161 432
2836 2978
146 1185
2980 2914
3767 1038
862 1215
1770 859
3962 1471
1548 742
2855 633
2986 3056
455 3252
3374 606
2913 627
3963 3521
2385 813
2732 1883
3553 1523
1935 1343
3862 970
542 1919
1714 2136
56 1528
3784 3539
2032 676
1279 1552
3 3637
3008 1197
1073 2944
766 2695
2972 3503
3838 179
1145 74
2562 1300
2654 2234
2880 2027
1175 428
834 1446
386 1050
46 436
215 3836
2183 466
1676 3494
3891 3472
3221 1325
404 26
3484 3157
965 921
3088 2313
3440 2379
236 3514
2364 1338
1542 408
3595 1472
3733 2423
1941 3640
2639 72
932 3168
266 964
3131 3735
2617 1683
1688 635
935 796
3799 1423
1875 2018
2416 693
2098 2477
3626 1702
3209 261
3966 3102
2948 2204
404 1928
174 1580
2657 871
2373 2022
1931 1754
1040 3060
1328 987
218 505
1216 3439
3477 1506
3769 1628
466 1052
3530 2554
302 2751
3479 700
1066 1584
3712 569
2986 3040
2049 518
1046 439
2771 3549
3897 1809
3972 556
917 1562
473 3108
671 2839
2031 1206
3258 3583
2361 1608
3693 2705
379 1332
1037 858
2126 513
3155 3512
140 974
624 1985
1012 3723
1010 3762
181 3765
1655 791
2675 3253
3596 969
2687 1648
3896 1209
3994 256
3697 494
135 2266
3768 1000
3075 1021
2589 1525
105 2876
2516 982
1547 3124
3338 945
3956 2968
1520 1747
3351 3055
3007 2974
409 465
3987 3126
2194 946
3302 1996
1830 3061
2711 1094
402 1848
1046 2921
61 661
1020 538
2814 3334
603 3748
3095 3669
3466 1954
3459 102
2435 126
1873 2430
1465 2528
2650 1545
2729 88
2105 2121
1583 925
1987 1233
1158 3991
1618 2401
3545 279
971 2228
462 2595
2971 819
49 3681
541 2896
3406 2989
837 2688
3261 1818
152 2577
2630 3186
3318 2513
2944 2449
2588 1041
1766 724
3448 130
3080 1440
3156 2403
2036 366
130 3760
3999 2841
1715 588
2893 2349
2380 1885
2800 1134
403 1057
1711 2820
49 2851
732 3798
1812 745
901 2221
577 2514
2212 2412
460 1391
1961 3509
440 532
3444 2375
1678 1171
1215 2700
1532 1828
1187 947
1986 346
2359 1550
1957 1033
2338 3658
1945 2807
920 2618
3870 2928
524 2407
2457 1201
2534 2924
754 1544
3037 2793
2038 3303
3707 616
3732 3894
1352 2344
1483 1913
2164 1006
1554 2268
416 1816
2312 2933
3625 1719
390 2847
1680 1198
1102 1672
2111 2993
401 2684
3710 3457
566 1384
2408 2061
2893 3865
5 2979
3852 3244
1894 3408
2074 3090
3122 1036
2069 355
3386 53
596 2549
861 3803
2160 3188
3454 753
3128 2151
883 729
1942 463
2746 949
2188 1402
1482 3033
3039 3205
2543 1048
1536 1074
2393 2214
3322 2330
2345 1801
882 824
2597 443
1676 2547
614 2770
843 2025
2887 3049
2395 1846
1087 1344
2575 1486
1665 2429
1392 3267
3681 1453
355 1461
603 1417
2575 691
2474 3262
3545 3323
2953 2923
647 496
312 79
638 2606
3058 2726
314 3842
2964 1644
2370 703
1428 182
2376 78
3404 3041
3091 2237
1096 3373
3156 748
2459 3758
135 1004
593 3309
2667 996
3273 2557
3872 2216
2999 823
1894 1112
790 2965
3754 2560
290 1092
878 147
1719 3301
3592 2752
1739 360
2474 3336
102 292
3396 963
2216 951
3075 3557
898 1707
616 2644
2292 100
1741 1345
190 2646
97 2749
1892 344
2845 1086
1205 1100
1328 3806
1967 2925
1288 1022
3008 117
1657 383
1211 1988
2882 3961
3914 2271
1181 1466
2619 3146
1679 2285
1735 3829
3869 3629
2959 1383
728 268
2396 3711
3302 1693
1005 380
3712 2871
2192 3136
1861 2506
2732 3786
2604 2860
627 2791
3493 3935
589 2120
3480 1524
69 3418
2585 2727
2154 1742
2779 207
310 2011
940 350
2373 3541
3304 2936
832 3960
535 2519
1781 575
3235 629
2950 169
1526 1611
2974 1636
1081 50
722 2102
1448 3356
2645 896
571 1164
3373 610
459 238
3626 3755
2634 1984
3210 1411
2721 3831
460 136
769 36
619 810
65 3945
3701 3922
2617 1116
2411 1493
2130 1184
1735 2099
3231 1153
3569 1140
3287 3079
573 421
3012 499
884 11
1932 2522
405 2389
3802 3744
2266 2790
2528 850
455 3193
2850 3463
3307 3451
1397 10
1950 3839
3373 618
3551 2611
1983 41
2541 1025
2086 3300
1596 128
3172 209
867 2906
2933 370
3982 674
1832 1843
2354 797
1899 1565
3304 787
2639 1276
3441 1469
294 3228
2958 1605
534 836
3486 3835
710 3633
3212 1670
1755 934
1091 3905
1262 3499
1309 2241
3465 1329
1575 2202
2999 2108
3672 237
2220 281
1637 3345
3852 1944
653 3313
2440 1015
1019 3160
82 1369
3789 3757
2483 1165
1900 45
824 3816
1663 1377
402 1065
3102 2870
2870 2309
487 2679
1319 151
2580 3531
999 2047
2706 33
2138 2177
3267 1872
3741 1049
2187 257
2987 3682
2969 3782
1620 245
2700 1489
1277 1295
473 1409
173 3236
3059 377
1209 2350
337 1590
1148 2122
3100 276
1666 3270
916 2125
729 2247
3849 2674
3050 2236
974 1067
3271 121
3122 1764
2980 2956
875 3295
752 994
1907 3833
2410 392
3100 450
2709 1305
3774 3348
1637 1136
799 2019
2179 2443
1706 706
2504 1487
771 438
2919 3023
1985 639
822 368
455 3582
61 422
3879 3863
2577 1436
1917 576
2750 765
2087 3705
3372 2994
1681 2096
1389 2256
716 3324
421 1270
1944 1783
1824 1424
3723 3316
279 1095
3298 2116
3413 197
170 3502
961 1221
223 1154
1899 1939
700 3573
2126 2360
2874 196
2213 1745
3773 747
3553 632
494 1240
3453 3397
1372 1404
2118 42
2462 1390
3730 1183
3649 3505
2971 2493
46 2747
1352 3775
2757 1908
1221 3801
2338 1375
1838 2186
293 3003
710 2511
967 3054
660 2517
1221 324
2160 1386
3251 990
2821 3609
1242 646
403 937
1785 3081
3244 3264
2211 3696
3568 3702
2159 626
1095 3604
1728 3490
3153 1631
3444 2510
2173 3497
2524 1179
791 794
3753 204
1949 1007
2997 597
230 3532
3278 3998
455 3519
3094 2420
3246 1131
1814 3247
2932 2227
3138 1622
2941 1078
2786 587
2102 1595
1392 552
1992 2731
2471 3603
1525 2054
2401 3456
2487 2579
1330 2762
783 208
1604 3283
1207 7
801 3315
19 116
423 922
53 334
752 1274
3606 1694
3403 907
2603 2225
941 997
3959 2683
486 3310
3870 3170
2929 3226
1602 246
435 202
2493 2377
1017 1577
3381 1769
2522 1777
3631 1540
219 95
852 2094
1207 2558
882 1029
3908 25
566 785
2676 2210
3209 3305
2603 978
3340 868
1824 1566
3086 3618
3294 1429
2873 991
3577 2199
3330 2761
3028 3851
2725 1117
3232 773
384 303
3211 1661
866 1563
1888 3057
3000 1359
2425 1951
1744 1246
667 2641
2167 1002
209 3112
1702 387
153 3648
3147 2702
2513 872
2326 3150
245 751
2959 983
3310 1099
968 3371
950 3046
2951 1772
3009 1660
2945 1675
3740 2574
3032 2388
836 3700
3559 1460
3248 3725
1120 485
3994 3190
3138 2319
3992 2073
1497 1826
765 3402
1856 2103
3444 1969
1179 2546
1690 3293
436 3098
843 3314
2893 3548
3146 1749
1270 2643
2926 2262
2254 2452
332 3006
1797 2106
1933 544
1706 3197
2709 3525
934 325
375 2824
3213 1788
3429 1527
1560 2502
1564 320
3693 2985
2029 3904
2449 2476
1310 3971
3491 1922
41 3899
227 560
326 2140
2906 1346
1879 1638
1678 2686
2018 3082
3074 956
3093 2883
1584 1803
2181 109
921 1210
1602 1712
3844 4000
1691 842
1246 318
3726 3063
2859 579
3962 3766
195 2885
540 3452
206 1191
3034 2754
3516 3216
3382 3554
3453 2631
2393 598
1019 2039
3320 2816
3157 854
117 85
399 1642
1980 1541
1152 929
884 1076
1411 2298
355 1468
948 1668
56 1220
3956 690
3594 304
3368 3887
2641 2110
2732 1654
3174 1442
899 3332
1514 1217
2467 301
3801 3965
373 3031
2064 788
3280 59
1981 149
3375 998
2892 2983
2838 3590
2015 2415
1300 1850
563 3718
77 1358
1402 645
98 1529
747 2563
2912 3523
1726 759
2642 2281
309 410
1108 911
2405 1280
368 993
3230 3795
2959 129
2683 665
99 1326
3318 1786
1640 3752
1269 3937
1017 3421
2270 3350
998 2573
2952 3933
3643 3585
1308 394
3887 357
3437 2569
696 522
1110 2710
1913 3699
3362 3223
3566 599
412 282
1237 1632
2934 29
2408 520
1976 172
796 1568
2112 762
2980 2713
542 2224
2005 2794
2370 3586
703 1585
3621 3588
3557 2002
1951 679
1183 936
2155 860
424 838
1033 1558
876 3078
1654 2704
1217 919
1469 2817
1992 2719
3546 2988
1541 3222
381 714
2888 2602
1726 517
679 1314
1911 3241
1479 1387
3647 1946
608 699
2853 3259
660 2582
266 1268
3683 1213
1574 1979
661 242
3027 811
3889 3047
1352 3684
2022 3473
902 2276
2631 2852
993 2596
2825 1993
1397 3395
3002 351
3845 1534
2888 2390
2299 3036
1824 3800
3211 1522
104 2131
1057 2272
3659 2235
757 3868
207 420
1173 3139
1546 267
2638 3159
2528 1060
2183 1054
3125 1169
3001 2846
810 3581
682 1496
1913 285
1405 400
1435 1581
1917 3623
1696 3574
413 199
3638 1519
3287 3572
1496 2664
1358 805
3800 1937
2633 2701
447 1167
2147 2402
3012 750
433 2193
430 13
786 2738
2914 1043
1890 2801
636 831
2254 1849
1098 976
3898 1249
3040 291
3040 1973
43 1839
3424 886
2573 1138
3261 1780
794 167
903 1289
3108 1306
3703 2935
2301 3642
1484 3257
61 1161
1623 3848
3357 3709
1856 2861
661 1035
617 3394
3292 845
1562 737
3497 955
3298 2681
1066 2134
2492 3983
282 1371
2978 3420
1661 1362
2224 1997
1646 2718
3568 3118
2355 3367
1113 2079
514 3344
2460 1394
3339 1243
1793 3990
3187 628
3404 1023
1953 3636
3760 2868
107 457
1354 228
3691 1473
3439 3671
3989 3985
2120 3087
569 1079
1731 510
1686 3024
3896 200
279 3191
2811 2658
2809 491
3132 75
1627 1125
2087 2551
995 3750
3603 2626
1378 3660
627 2156
3486 31
2538 1972
1910 3561
2172 3416
2312 1251
782 2428
513 2530
626 2180
316 418
2956 3099
3505 1168
283 1008
3887 2303
3931 2739
2423 44
1065 755
1132 3265
255 2628
3744 1203
300 68
3375 3181
2579 3641
3019 1756
226 2556
3683 2296
214 2610
1707 705
5 1589
1210 3379
104 1966
716 2909
3142 1789
1260 3930
1517 89
1497 3151
769 3162
3129 1624
1893 2542
2924 3048
3936 3645
584 150
2235 3366
2366 2735
2328 1645
1453 3778
3097 2976
2509 1367
2912 3598
88 2142
2413 2537
611 1779
879 657
2352 1502
3711 1034
2199 2592
1059 3242
1163 2515
77 1778
1303 1225
464 3665
249 712
1580 2333
176 1612
3814 806
132 780
3146 444
3031 2878
1076 1146
717 3092
3531 959
2991 3250
2479 3215
2282 3103
1707 468
1811 229
1000 3442
3916 71
1247 2341
1390 327
3324 2632
2753 3846
2471 319
1636 3955
722 3788
2398 1422
247 1841
3513 2866
2984 3511
1190 1238
3869 1807
2827 3837
3718 1795
1287 2287
3405 1923
275 3777
3624 704
2437 1700
3616 2095
1409 3399
635 3900
1672 2196
3608 1752
351 471
396 2975
3138 2059
1000 3066
39 3895
954 3263
3482 565
1514 2990
3988 1239
63 1736
1280 1172
2677 1451
3834 3249
3258 2171
949 3207
3819 2894
2229 1253
630 527
455 356
1789 808
923 441
2247 1659
3889 60
2223 672
1190 3450
3003 2992
1378 2532
3923 2805
3863 414
3580 163
3483 127
3816 3954
2890 2714
3228 27
1892 216
1870 1569
2618 1929
326 1223
2283 3729
2772 1278
2073 680
2747 2267
1624 3579
58 1301
1806 2835
517 1730
841 1958
192 1196
3387 1600
2183 515
3396 1421
2519 388
3426 3343
3779 2446
3253 1271
600 3825
37 2500
1751 2191
1186 2482
474 2331
2688 908
2795 345
736 3761
2138 3911
2392 1591
1590 406
689 545
2866 178
1897 3460
638 2697
104 3746
3088 160
1186 1501
2584 846
2546 1634
1505 1858
1683 321
3231 113
1655 1313
3908 2404
3907 1414
2880 1356
1312 2520
1734 1722
2820 2277
2612 1370
361 3475
852 1669
109 47
2468 2937
1824 1940
814 1895
3112 3014
82 180
1217 2773
3185 2394
2093 2397
3198 3563
1870 2996
2372 2399
841 347
1775 2798
3127 2453
2138 1995
1609 2625
2401 980
3186 2206
1953 168
759 233
417 574
2193 1901
99 2915
3483 1347
2868 3203
432 2124
893 2977
2112 3560
3723 2427
597 895
2880 271
3215 1410
1388 3717
3 944
1717 3433
1440 650
3029 3208
3525 2084
3321 446
1388 2552
3452 1128
3066 979
2107 458
3135 3571
3787 1408
1403 2315
3561 1292
2428 2028
666 1977
3842 2692
1193 3668
777 3346
2872 2730
169 3644
3290 1368
2193 3133
2353 3688
3338 2837
1872 1884
443 670
178 649
505 1990
914 2712
421 664
1236 2756
1802 2346
75 2583
349 1962
189 772
3844 2698
3127 143
2827 2903
2315 2478
708 2918
1782 3544
1401 1001
2656 3141
649 2499
31 277
486 870
1371 2356
1005 1317
910 2774
3248 3527
1154 2240
2066 3804
534 3443
1258 1800
1267 3840
1735 3977
1540 528
1985 2071
1259 2621
1654 989
229 1915
2337 385
1665 2030
2711 2400
2977 1934
978 3163
1041 2461
3603 2624
1524 2940
3931 887
3263 2297
856 3651
3028 641
1707 3567
1237 469
401 331
1816 2026
119 3818
2628 1705
2440 20
2121 1765
560 1433
2355 315
3000 34
3052 3276
76 3498
1461 1293
3156 604
223 623
2271 2590
1635 2044
2018 2058
2267 1174
1582 2324
2876 1337
366 3939
1318 1831
1332 1729
1817 2840
690 533
3356 1827
3455 2431
906 3785
874 1649
2031 770
1548 1192
559 3797
3584 1948
388 2724
1420 2439
1238 2233
71 758
2211 1518
3891 1615
3548 1943
2673 2523
1604 286
3361 3051
478 529
1992 3756
121 1698
2275 2114
3211 437
2863 848
2643 1805
1999 90
158 1855
438 3279
458 3067
3316 2615
2392 1733
484 651
3793 3555
3670 3698
1775 2942
1270 1111
2819 1072
1624 3164
2862 3004
3521 3542
229 3861
2826 3281
179 3233
3109 1845
1289 306
1292 793
1643 2694
3732 2792
1397 83
3993 96
2158 915
2574 1721
1260 2343
3166 454
3020 3077
2036 2503
3045 1833
865 3288
3566 2529
2103 2963
1322 3653
3034 1533
904 3984
3353 3957
848 3695
38 30
300 3536
1247 586
1105 3714
3041 1813
82 2295
3050 341
2942 2536
1823 1859
2626 2733
447 2539
966 3951
591 795
3889 122
2834 1093
3193 3425
1478 2263
750 2280
2224 217
192 1874
520 1083
2134 3419
1803 2494
1889 734
532 395
2180 3144
3881 2849
98 32
3936 1124
2196 3826
1703 1625
783 3224
2499 3751
2380 3662
3184 800
3017 2218
767 1576
2770 1189
1814 3943
2019 1914
117 2117
2043 2570
1316 2077
3925 3708
342 2056
72 984
1566 1290
2042 2197
3545 1606
3745 3873
3761 1156
3848 3694
3505 330
33 3306
3105 134
1726 931
2959 557
3865 2682
2310 2973
2237 307
155 756
3730 1431
1585 2902
711 2765
1068 1231
2759 2491
2652 185
260 240
3078 1784
527 3254
212 521
769 1720
1361 3687
3167 2143
2860 2017
1790 1063
2602 2447
1996 3715
3024 1170
834 2081
2838 17
3843 1871
504 1331
1832 3436
427 1819
1738 2060
352 3656
2641 3496
86 1971
2608 792
1525 161
2601 2723
3880 2469
259 648
2553 634
3130 2215
2801 3194
2022 2666
1396 1508
3712 2305
3388 48
3085 2531
438 495
1338 1445
2689 1340
780 2347
2947 2566
637 2745
2917 3149
3950 2716
2091 3673
1180 449
3237 239
272 554
1735 1847
3964 3255
3614 2858
1805 3365
599 506
3719 1432
1203 1311
2288 1880
331 111
2608 1633
696 3145
412 1053
2034 3417
976 2505
622 2245
2511 3921
620 3589
1704 480
809 2831
1751 2653
2721 3331
1030 701
2540 2261
753 3759
3690 2008
3512 1613
3796 1498
3661 2232
1536 687
3574 362
2510 1695
3748 2949
305 2300
3439 3968
719 3853
3382 2813
3960 3487
1755 3742
867 1725
3068 1909
800 702
2347 1298
2865 2076
137 1456
3405 3973
258 763
2986 2119
2578 3240
3152 2055
3882 175
3722 828
3454 3500
228 2273
3072 3291
740 2417
4 741
778 1994
2751 654
757 1229
3505 1776
3577 2930
1470 2080
2969 1182
2615 3239
973 2238
2768 1607
2383 2659
782 2209
737 3176
3377 1573
3802 612
3674 684
45 1273
2700 3297
3235 2764
3792 2545
1083 1924
3306 120
3234 827
1658 2660
1786 2278
3764 2357
3157 51
315 507
640 2741
2214 2067
464 3449
801 244
2782 3400
2309 2205
1821 2444
1610 933
3817 2318
1217 448
1873 3114
452 3854
2184 1307
2613 3467
2714 1896
3118 2864
1340 2690
1440 2078
2431 1876
3490 2544
3062 2995
1389 154
2718 2693
3267 2323
1569 1594
2160 3378
1943 3654
146 1141
1070 103
1483 3953
3805 35
