2369
1747 1964
1747 1566
1566 1240
1240 589
589 953
953 522
2273 522
2273 472
472 1615
677 1615
1834 677
1834 733
1330 733
1330 845
845 647
647 2035
2035 9
9 1546
1546 269
111 269
268 111
268 1286
1517 1286
1517 997
421 997
421 2158
231 2158
1203 231
2011 1203
2011 488
488 857
857 1990
1481 1990
1481 843
843 245
1571 245
1571 558
1306 1862
113 1862
551 113
551 755
755 2029
2029 1636
1664 1636
1873 1664
1873 1536
1536 1081
1081 423
1001 423
1001 476
476 287
287 602
602 1048
1048 2124
2124 1135
1135 2276
2276 1222
1 1222
1051 1
355 1051
1497 355
786 1497
786 1881
1881 1489
524 1489
1195 524
1195 2246
1665 2246
1665 1734
1734 1710
1710 1307
1307 782
782 1431
558 1431
927 1502
1502 1248
1248 1009
859 1009
859 2049
2049 2323
2323 1948
944 1948
944 2349
2349 2127
2127 2324
1400 2324
1400 575
2081 575
2081 1711
1363 1711
410 1363
410 1401
933 1401
933 1414
1285 1414
37 1285
1759 37
1759 432
326 432
326 934
934 781
22 781
22 556
556 36
145 36
1616 145
1616 164
164 2142
1049 2142
1049 2191
2191 558
1858 1938
249 1858
249 1714
1884 1714
1884 1266
1266 1749
109 1749
109 2364
2364 652
652 351
46 351
910 46
910 1028
1028 1596
1345 1596
1345 1493
1656 1493
1444 1656
1444 209
209 1511
1511 466
466 961
1608 961
1608 202
202 980
980 692
1609 692
1806 1609
1992 1806
1992 1928
1928 438
438 1270
1270 375
375 734
552 734
552 2279
558 2279
532 1932
1544 532
1544 518
518 1157
1157 1460
1742 1460
1742 1773
1773 1699
1699 1988
1988 21
21 1189
1189 254
254 2236
2236 805
805 1038
1038 2251
2126 2251
1794 2126
1794 1047
1047 928
928 742
283 742
283 771
771 1641
580 1641
1176 580
1176 1293
1293 984
416 984
133 416
133 82
82 606
561 606
1087 561
1087 1007
105 1007
105 558
1685 1613
142 1685
1909 142
1797 1909
1797 1591
1591 1778
1778 272
272 2222
187 2222
884 187
1382 884
1382 747
981 747
981 2051
2353 2051
2353 1744
1744 163
163 475
475 2060
2060 865
865 1024
1336 1024
325 1336
1144 325
1144 1371
3 1371
1117 3
1563 1117
1563 1914
1160 1914
1160 130
130 926
2347 926
180 2347
180 1055
1055 810
810 558
1140 898
1740 898
1740 1228
1228 446
547 446
1067 547
1067 1551
1551 413
413 2259
1886 2259
1894 1886
1894 439
1340 439
360 1340
385 360
385 1768
1768 48
297 48
117 297
117 1426
1337 1426
804 1337
1781 804
1236 1781
1236 322
322 1015
769 1015
769 639
639 1535
1535 716
716 276
2303 276
2303 319
319 1115
1392 1115
1347 1392
1347 558
1061 1106
1417 1061
1417 537
327 537
605 327
605 2315
1770 2315
1770 1256
2183 1256
2183 2156
2235 2156
2235 1733
701 1733
701 1281
169 1281
169 1376
706 1376
706 1455
950 1455
950 2269
2269 1925
1925 1813
1728 1813
1225 1728
2290 1225
1075 2290
1952 1075
1952 106
106 2
656 2
2252 656
2252 479
479 1620
1620 1282
45 1282
45 1595
1595 558
2096 2065
2065 854
854 1565
1565 1430
659 1430
659 2208
2208 486
1219 486
957 1219
957 689
1969 689
989 1969
989 800
800 349
349 230
230 240
1751 240
1751 1643
1643 1576
1576 1428
1716 1428
1716 1634
1634 514
967 514
501 967
501 2164
143 2164
143 778
172 778
2111 172
291 2111
291 1878
1878 1209
1209 440
121 440
1150 121
1150 558
1452 1229
1288 1229
616 1288
278 616
1173 278
1173 2334
2334 75
75 768
768 442
442 1913
2041 1913
2041 1516
1904 1516
1976 1904
1976 2023
788 2023
788 1726
1726 394
1599 394
586 1599
586 835
1182 835
1182 864
906 864
906 303
1329 303
296 1329
296 345
345 424
1274 424
1274 1409
1409 1314
1447 1314
1447 370
1732 370
1732 2182
558 2182
1557 1623
1443 1557
1877 1443
1824 1877
2238 1824
2317 2238
2317 885
885 1752
2344 1752
42 2344
136 42
136 1701
2332 1701
2332 2168
765 2168
765 2116
1407 2116
698 1407
1250 698
1250 2046
2046 1574
1574 2082
2082 2322
64 2322
1874 64
1874 1762
991 1762
991 1341
1341 1089
1870 1089
1188 1870
1188 838
1294 838
756 1294
1432 756
1432 40
40 558
2268 1860
2268 1930
1930 2108
2121 2108
2121 817
817 648
648 1372
1372 1757
1757 2360
2025 2360
56 2025
2092 56
2092 1722
1383 1722
1383 608
608 1818
1818 185
1618 185
1350 1618
1350 1789
1789 267
267 286
815 286
368 815
436 368
436 631
1556 631
1556 313
313 1361
1361 1338
1338 1227
2229 1227
2229 86
262 86
262 657
641 657
558 641
607 70
70 2196
118 2196
118 1125
1125 390
390 2044
2044 1871
1963 1871
1935 1963
382 1935
382 888
888 1666
1153 1666
2291 1153
2291 1748
1748 913
1868 913
1868 2013
592 2013
960 592
960 10
1792 10
1792 193
193 184
1101 184
1674 1101
1642 1674
1764 1642
1764 405
2120 405
1718 2120
123 1718
1534 123
373 1534
373 969
261 969
261 558
1885 1312
1530 1885
1530 1449
1354 1449
1354 1625
693 1625
1838 693
1919 1838
149 1919
1897 149
1897 1492
1492 1396
259 1396
1541 259
1541 1059
1059 321
763 321
222 763
222 2071
2316 2071
2316 935
935 1208
1208 2114
2114 931
931 1545
210 1545
210 1265
858 1265
858 591
1368 591
189 1368
189 1244
1244 1816
1816 393
393 929
77 929
77 558
361 806
2239 806
1108 2239
2321 1108
2321 999
999 1416
1416 2284
638 2284
638 680
270 680
270 1785
1785 1693
553 1693
712 553
339 712
208 339
1989 208
473 1989
473 2139
2139 212
212 897
1103 897
2248 1103
2248 1962
2194 1962
1915 2194
1915 397
397 1644
1644 1237
2300 1237
753 2300
726 753
590 726
590 526
672 526
903 672
903 558
155 1384
155 496
496 1982
1982 1791
1002 1791
1002 489
489 1507
2122 1507
2122 1795
1901 1795
1901 1315
1315 892
258 892
258 53
25 53
25 232
232 1025
1611 1025
1611 2213
2213 1004
1373 1004
1373 930
2203 930
2200 2203
2200 572
572 1104
1104 2325
2325 1165
1165 1109
664 1109
798 664
1573 798
1573 1468
1468 635
635 812
812 490
558 490
1921 571
1921 1023
1023 256
256 529
529 1436
1436 2075
2075 1279
55 1279
55 1471
1471 1197
1653 1197
1772 1653
1772 17
17 1026
1026 544
544 132
132 675
1355 675
1355 1439
1439 780
780 2002
2002 485
485 2165
2165 1040
333 1040
369 333
369 317
317 959
1353 959
1353 1156
1156 422
1264 422
1264 1689
1689 570
777 570
777 174
558 174
389 867
867 168
614 168
841 614
841 1352
433 1352
433 772
1717 772
1098 1717
1098 564
564 562
562 115
95 115
1247 95
1247 1031
1283 1031
1283 396
932 396
932 1041
1041 546
546 108
1570 108
1570 150
150 1606
1606 2297
2297 757
757 213
213 714
714 982
2199 982
166 2199
1985 166
1985 1968
1003 1968
1003 151
151 419
419 558
226 1547
1547 338
338 1683
695 1683
695 686
1472 686
1472 409
409 583
538 583
548 538
548 2089
195 2089
195 2241
2241 2214
1727 2214
1179 1727
1179 1231
752 1231
752 1235
2083 1235
2083 1851
1851 492
173 492
173 1826
1826 783
651 783
651 460
460 2319
1343 2319
1514 1343
1514 246
1769 246
1769 1626
482 1626
700 482
100 700
558 100
2180 443
491 443
491 1802
1802 1030
1030 911
292 911
292 1358
1358 683
683 1476
690 1476
1367 690
2147 1367
2147 74
74 1607
1607 2009
1657 2009
715 1657
1512 715
1512 1318
279 1318
73 279
73 1375
1779 1375
1779 1302
962 1302
962 1292
1292 508
508 741
741 1164
1707 1164
986 1707
986 459
459 1362
1602 1362
497 1602
497 1033
1033 558
1577 126
126 1704
1704 2341
1395 2341
1395 1775
1775 1013
1462 1013
1462 1388
2167 1388
2167 388
388 14
14 2007
531 2007
2308 531
2308 793
632 793
1332 632
435 1332
435 1321
2352 1321
619 2352
619 1148
431 1148
431 1774
2059 1774
1126 2059
1083 1126
1238 1083
1260 1238
736 1260
736 104
512 104
1413 512
1413 16
236 16
236 1580
558 1580
520 1725
2119 520
894 2119
894 2340
1046 2340
1046 540
306 540
992 306
992 1539
1539 1506
1434 1506
1582 1434
1582 655
655 2027
2027 157
157 2008
1558 2008
2366 1558
917 2366
58 917
879 58
1085 879
517 1085
2006 517
1767 2006
1767 1610
1610 1093
350 1093
2056 350
2056 1658
89 1658
1349 89
749 1349
749 1223
2140 1223
2140 1310
1310 558
2004 1131
2004 872
1111 872
1111 2178
2178 2019
2019 1564
1146 1564
1146 1677
1677 1686
2298 1686
853 2298
853 1593
1593 678
6 678
6 943
943 1129
456 1129
456 827
827 1721
1721 1837
554 1837
554 2225
626 2225
626 1018
1018 676
1127 676
1723 1127
1723 1503
1503 392
2346 392
1322 2346
1322 883
883 1267
1267 304
304 343
15 343
558 15
1456 1364
171 1364
171 411
411 1696
1696 1243
1243 1425
1425 623
623 740
1183 740
1183 328
328 2100
2100 1523
1523 1979
1979 181
181 904
1320 904
2335 1320
2335 1021
1021 1498
1498 907
2263 907
2263 301
205 301
323 205
323 140
140 918
103 918
1663 103
1161 1663
1168 1161
1422 1168
1422 915
915 2224
2224 1334
890 1334
890 1326
1326 558
1057 2079
1654 1057
1654 1433
636 1433
636 1943
2242 1943
2242 2138
1212 2138
809 1212
1262 809
2039 1262
1597 2039
1597 2359
2359 31
31 507
600 507
1508 600
886 1508
886 577
2073 577
2073 596
2306 596
559 2306
1668 559
1668 1691
1691 748
748 1366
1366 2296
1581 2296
94 1581
2161 94
2088 2161
1012 2088
790 1012
587 790
1167 587
1167 558
1735 61
468 61
545 468
545 1305
1305 1588
1588 923
2231 923
2231 946
68 946
244 68
1360 244
1360 170
170 1424
963 1424
1451 963
2277 1451
2277 1290
1290 863
863 2265
2265 711
711 1676
1676 379
384 379
1389 384
1975 1389
1975 1158
1158 1553
1553 1900
1900 1374
1374 71
1287 71
1720 1287
2053 1720
2053 1840
1840 1196
239 1196
239 558
2176 2026
1829 2026
1829 505
505 2205
2205 2135
2135 2036
2356 2036
1284 2356
1284 426
426 444
444 2343
2343 128
477 128
477 2123
2123 646
814 646
814 182
372 182
738 372
1123 738
1123 1939
774 1939
958 774
958 1842
1842 1486
1486 318
318 1967
1967 1297
1297 601
601 2162
2104 2162
2288 2104
737 2288
737 909
909 192
371 192
558 371
895 90
90 1542
2198 1542
2198 483
125 483
125 2184
972 2184
972 1617
1617 1780
28 1780
28 1053
1053 1680
2125 1680
2125 1661
1661 996
840 996
840 2244
842 2244
842 1839
1839 1555
1555 787
787 2020
2020 685
685 670
670 1441
1441 2280
2280 33
33 1379
970 1379
970 402
951 402
951 905
2105 905
893 2105
893 2351
2171 2351
558 2171
536 620
620 2211
2211 796
796 1923
1923 1505
1505 829
829 1980
260 1980
1579 260
2118 1579
2118 1006
1006 2271
2271 1239
1099 1239
463 1099
1578 463
495 1578
495 844
844 1845
1845 869
869 1271
1255 1271
1255 32
32 1218
2066 1218
987 2066
987 1110
1110 658
1016 658
1902 1016
1902 1703
1709 1703
1831 1709
1831 1936
1947 1936
1251 1947
1251 558
1999 1453
1999 2063
1965 2063
1965 1926
1926 1895
1478 1895
2031 1478
2031 718
718 1232
1232 1298
1298 2010
1978 2010
2151 1978
2151 1450
704 1450
704 2193
515 2193
515 2070
2085 2070
516 2085
2249 516
1922 2249
1853 1922
1853 1604
2350 1604
2350 2221
868 2221
868 1331
1589 1331
257 1589
257 949
949 41
534 41
534 1548
1011 1548
1011 2021
558 2021
176 228
391 176
62 391
62 519
1522 519
1522 354
354 139
139 1095
1095 1204
1204 908
908 604
604 1760
1760 1908
1180 1908
1180 1697
1319 1697
1889 1319
1889 91
914 91
550 914
550 2365
1864 2365
30 1864
30 1875
378 1875
311 378
502 311
968 502
156 968
156 49
1627 49
1627 119
227 119
363 227
363 1192
401 1192
401 558
2166 924
2243 2166
2243 1277
521 1277
494 521
494 366
2302 366
2302 499
1844 499
760 1844
241 760
241 807
69 807
2133 69
900 2133
611 900
1995 611
92 1995
92 1091
1091 1071
207 1071
207 1513
1513 2136
2136 289
353 289
243 353
243 1005
542 1005
1850 542
1850 2054
1784 2054
1784 2148
2148 1072
275 1072
275 1619
758 1619
558 758
1475 2152
2145 1475
2330 2145
2363 2330
1387 2363
557 1387
1937 557
1793 1937
1793 2223
2223 2001
597 2001
1833 597
194 1833
513 194
684 513
684 2169
2169 2132
324 2132
1562 324
1865 1562
1865 855
395 855
395 271
271 1766
1766 2154
1234 2154
2076 1234
743 2076
743 1483
1175 1483
1175 1690
1690 72
72 973
1594 973
1399 1594
1029 1399
558 1029
1166 2220
358 2220
830 358
2153 830
2153 1705
1705 1918
1918 873
873 1206
464 1206
1719 464
1719 2345
978 2345
1944 978
146 1944
871 146
871 654
654 732
52 732
779 52
581 779
1646 581
2017 1646
566 2017
406 566
406 1660
498 1660
2295 498
699 2295
699 1910
99 1910
99 1078
1078 603
603 1520
1230 1520
1263 1230
1263 1631
558 1631
1515 2262
846 2262
846 288
288 1213
1119 1213
1119 5
1518 5
762 1518
1008 762
1008 555
555 1359
1359 1603
2309 1603
717 2309
717 1942
1942 381
381 1077
1301 1077
1301 2255
569 2255
569 54
54 828
828 1211
1211 2067
2067 861
861 1698
1698 1454
1637 1454
673 1637
1532 673
1532 1427
1151 1427
503 1151
503 206
206 1750
1398 1750
1398 558
337 500
337 1316
1246 1316
458 1246
1037 458
1037 1892
1370 1892
1132 1370
1393 1132
1996 1393
1996 1730
1730 573
573 1624
1647 1624
1647 454
454 541
541 609
609 1504
1504 1291
1682 1291
1682 1903
1378 1903
1378 1929
2261 1929
1906 2261
1906 2286
2144 2286
1226 2144
1226 818
818 2137
1805 2137
1805 610
610 775
775 862
862 2257
1622 2257
558 1622
346 1448
1736 1448
2109 1736
455 2109
455 2099
2099 1572
1695 1572
1695 191
1217 191
1217 1074
1074 274
162 274
1420 162
1420 2232
2232 138
138 1998
1998 81
218 81
161 218
161 201
201 425
425 629
629 1803
1803 1461
1537 1461
2106 1537
2106 2042
2042 1207
1207 2311
2311 1084
1440 1084
1440 165
165 1524
1896 1524
1896 2283
2283 1214
558 1214
1758 152
97 152
1835 97
2061 1835
2061 310
310 2068
2068 2240
2240 1953
2034 1953
290 2034
290 1812
1812 148
148 528
528 293
1841 293
1841 367
367 965
1394 965
824 1394
824 719
719 598
598 599
599 578
1162 578
1162 116
874 116
8 874
8 1303
1303 1652
1652 979
2130 979
2130 341
341 2368
2368 465
465 2175
107 2175
558 107
1984 1832
1984 2210
2210 1567
1567 889
889 1185
674 1185
674 474
159 474
159 365
365 1856
1856 88
127 88
2149 127
1446 2149
2192 1446
2294 2192
1473 2294
404 1473
404 1561
1786 1561
1786 1678
543 1678
1474 543
24 1474
24 801
801 2354
1410 2354
1410 38
1252 38
1252 1159
2305 1159
2305 584
584 309
1058 309
1058 447
993 447
558 993
129 1233
153 129
153 1649
1649 1568
457 1568
457 1765
1765 2087
2253 2087
334 2253
1538 334
1445 1538
1445 851
816 851
594 816
1299 594
1299 1531
448 1531
448 134
134 710
710 971
219 971
1036 219
1036 1082
2131 1082
2131 135
135 2216
417 2216
480 417
480 1981
1950 1981
2264 1950
2264 825
825 2282
1145 2282
1807 1145
1807 1068
558 1068
1958 767
1958 1777
1777 430
430 1324
1324 721
233 721
233 821
821 154
154 445
1849 445
1849 1107
1822 1107
2215 1822
802 2215
802 975
1737 975
1601 1737
1601 1412
1412 1022
1022 7
1308 7
1552 1308
1746 1552
2250 1746
696 2250
848 696
1916 848
1916 2254
2254 1961
1961 1700
1700 1912
1912 124
1178 124
1178 1187
144 1187
144 687
687 558
215 305
1940 215
1940 1882
1882 403
1035 403
1035 776
1369 776
2266 1369
2266 1745
1745 746
746 823
1891 823
1755 1891
1529 1755
1529 225
1586 225
1586 1655
1633 1655
1633 643
643 2005
1403 2005
1062 1403
1062 1528
1819 1528
1819 916
12 916
12 511
1438 511
1438 832
832 281
2159 281
1854 2159
1854 332
1600 332
1600 1184
2028 1184
558 2028
2113 1879
1879 1280
876 1280
627 876
627 1418
347 1418
549 347
549 2358
2358 1482
899 1482
1174 899
1174 2228
2228 1960
110 1960
110 1825
277 1825
1402 277
1861 1402
1670 1861
705 1670
705 2209
621 2209
621 20
20 1198
1198 160
1356 160
2206 1356
2206 1827
1827 1406
198 1406
681 198
681 2270
2014 2270
1499 2014
1499 1154
2077 1154
558 2077
2173 813
2173 2080
618 2080
1585 618
837 1585
837 820
1172 820
1731 1172
1731 2103
2103 2097
2097 35
35 568
568 242
242 387
387 988
988 248
248 977
420 977
420 1708
1323 1708
2057 1323
902 2057
902 493
2094 493
2094 1193
761 1193
761 1796
1796 300
300 1991
362 1991
299 362
998 299
1966 998
1966 223
223 451
451 1242
558 1242
1397 2095
2095 1105
2201 1105
2201 881
1867 881
1867 1342
1993 1342
1993 59
59 2187
1411 2187
1335 1411
669 1335
669 461
1559 461
1559 221
1843 221
1010 1843
1259 1010
1729 1259
1729 994
849 994
849 1064
1659 1064
1659 1097
1097 2022
634 2022
251 634
251 114
114 1804
1079 1804
1494 1079
2217 1494
1479 2217
1479 2037
2037 1221
1014 1221
1014 558
1951 2301
1951 2331
2331 622
66 622
66 2318
2024 2318
2024 1128
1128 2016
1480 2016
877 1480
896 877
896 2110
1814 2110
186 1814
1257 186
1257 1876
158 1876
158 1423
2292 1423
2292 178
178 585
585 688
1706 688
1706 509
1136 509
1136 1404
1404 1346
1346 1688
1688 1970
1970 2197
398 2197
1587 398
1587 1956
1956 2320
462 2320
462 1421
558 1421
2040 1635
2040 408
1289 408
316 1289
1890 316
1890 2299
2299 1787
285 1787
1348 285
1583 1348
990 1583
990 197
745 197
745 901
901 728
728 348
348 617
1032 617
1032 2129
1114 2129
1114 2304
595 2304
595 1605
2274 1605
1469 2274
1724 1469
147 1724
147 1673
1673 964
964 196
196 2181
588 2181
1137 588
1550 1137
1550 273
2312 273
2312 558
1484 214
214 1782
1782 789
85 789
85 1852
1852 1200
1761 1200
1761 2233
2233 335
940 335
940 725
725 976
1800 976
1590 1800
1590 229
1488 229
329 1488
329 1253
250 1253
1134 250
1987 1134
1987 263
1086 263
2155 1086
2155 560
560 2275
2275 44
1592 44
1592 1202
1202 320
320 2150
1525 2150
314 1525
795 314
795 2313
2313 2272
2272 558
63 803
2128 803
836 2128
836 682
2342 682
510 2342
510 400
400 1554
1554 1569
2338 1569
2338 2003
2361 2003
1931 2361
826 1931
784 826
784 399
87 399
469 87
506 469
506 374
709 374
2333 709
50 2333
50 78
1848 78
1681 1848
1171 1681
1171 441
770 441
744 770
79 744
380 79
1974 380
1974 563
563 216
216 1997
558 1997
1147 294
2219 1147
1113 2219
694 1113
791 694
791 523
523 2101
2101 1090
1090 750
750 204
204 2160
2160 122
122 93
93 1254
1254 730
730 470
2307 470
2307 1675
985 1675
1866 985
1866 1846
1846 414
2179 414
1672 2179
1672 1050
1050 1133
1815 1133
1076 1815
1076 1466
1808 1466
819 1808
645 819
1650 645
729 1650
1275 729
1275 67
558 67
264 1163
449 264
449 383
383 211
211 1261
1261 2327
1377 2327
1377 265
1510 265
1510 386
11 386
941 11
1216 941
1973 1216
1973 2146
2328 2146
887 2328
183 887
27 183
27 1920
1920 1339
1339 1034
1034 891
966 891
966 799
535 799
535 1495
1495 1017
1017 1629
847 1629
847 880
880 200
200 1753
727 1753
727 920
653 920
558 653
1300 1798
1241 1798
1241 1199
1199 1651
1651 1317
179 1317
407 179
407 1391
792 1391
792 952
952 2326
983 2326
983 1972
1972 722
722 330
330 1986
1986 1080
1080 2048
2048 1501
2090 1501
947 2090
947 751
751 2337
2337 1205
1205 625
625 2258
2258 1828
1828 1924
1258 1924
1124 1258
882 1124
882 1477
1477 175
1917 175
1917 912
912 660
660 558
1533 177
856 177
856 942
1464 942
852 1464
852 190
2043 190
834 2043
773 834
773 1045
539 1045
539 2084
1060 2084
484 1060
484 530
530 2369
437 2369
1771 437
870 1771
1560 870
1671 1560
1671 352
352 253
2293 253
1955 2293
1630 1955
2336 1630
2336 1304
1304 1790
1790 2287
2091 2287
2091 1325
1971 1325
2117 1971
2117 1823
703 1823
703 558
57 642
1073 57
1073 13
13 1496
1811 1496
224 1811
224 1662
1684 1662
1138 1684
1138 850
1743 850
1743 2141
1419 2141
1715 1419
1715 1855
137 1855
731 137
579 731
1390 579
1390 478
478 649
649 1788
1788 650
650 1096
1096 1857
357 1857
2256 357
2256 1272
76 1272
2245 76
2245 565
565 2018
1328 2018
1328 1907
1313 1907
1313 2204
2204 558
295 1191
295 252
199 252
1713 199
1713 2367
1614 2367
1614 1883
2102 1883
2102 785
1612 785
1612 630
630 1245
1245 23
23 1268
593 1268
1088 593
1088 1186
1893 1186
1893 615
615 759
1190 759
1941 1190
1941 308
1869 308
452 1869
452 1276
1276 428
428 1783
948 1783
948 956
956 1201
1408 1201
1408 1776
1776 2212
2212 1756
2247 1756
558 2247
331 2174
376 2174
376 939
2012 939
1830 2012
1830 1687
576 1687
576 1491
860 1491
1458 860
1640 1458
307 1640
307 1043
356 1043
356 2188
633 2188
633 1054
1054 1959
1959 691
691 574
574 2314
2314 1429
2170 1429
2170 96
96 1056
1056 1415
1415 754
754 1598
702 1598
661 702
2078 661
1692 2078
1092 1692
2289 1092
2289 764
764 2045
2045 558
1957 2030
315 1957
315 1224
1224 922
922 794
794 1215
1215 2190
2190 938
1112 938
2055 1112
2055 342
342 945
945 2000
1679 2000
822 1679
822 2172
2172 612
612 1120
2107 1120
2107 667
667 1070
1070 2195
2195 1911
1141 1911
1141 1487
1487 2202
955 2202
84 955
84 1526
1526 2112
2230 2112
2230 525
525 2157
2157 1130
1130 1333
1333 1933
1933 558
238 2086
2086 340
340 1122
1122 450
247 450
247 282
2072 282
2050 2072
1949 2050
2062 1949
2357 2062
2357 1712
1712 1385
2134 1385
1632 2134
724 1632
724 1459
2143 1459
2143 1278
1278 644
925 644
925 1019
1019 921
312 921
1309 312
1327 1309
1327 1344
1069 1344
567 1069
567 98
1667 98
1667 1463
217 1463
1820 217
1139 1820
1139 1628
1628 558
1983 29
1994 29
1994 220
668 220
668 1810
735 1810
735 1645
1645 453
43 453
1142 43
1863 1142
1863 344
4 344
4 613
613 1194
1194 2032
1357 2032
2348 1357
2348 2163
1898 2163
1621 1898
336 1621
1465 336
1465 1859
364 1859
364 797
481 797
1039 481
1039 2177
487 2177
434 487
1311 434
1311 1817
1295 1817
1905 1295
1905 919
558 919
624 720
624 937
47 937
47 1042
1042 739
1121 739
1121 640
640 1020
1020 1509
280 1509
280 875
875 808
808 637
878 637
2237 878
2237 833
833 582
120 582
1269 120
1269 18
34 18
34 1405
1273 1405
811 1273
811 766
766 2329
2329 167
1143 167
628 1143
1470 628
1181 1470
2362 1181
2362 2227
1763 2227
1763 2226
1118 2226
1118 558
527 2189
527 1386
708 1386
708 2115
1872 2115
663 1872
663 19
19 1485
1945 1485
101 1945
101 377
377 974
974 707
707 1738
1738 2260
2260 1934
1934 1739
2093 1739
2093 1801
1801 1210
1170 1210
1170 679
1584 679
1584 102
102 1836
1836 2281
2281 298
188 298
188 1102
1899 1102
65 1899
65 533
1741 533
1638 1741
2285 1638
2285 2098
2098 558
2047 131
1927 131
2185 1927
2185 1437
1521 1437
83 1521
936 83
936 671
671 1702
1702 1694
1694 1149
1149 723
1977 723
427 1977
427 112
112 255
1500 255
1500 831
831 2207
2207 2339
2339 467
467 839
839 1639
2355 1639
2186 2355
1365 2186
1365 1490
1490 1847
1847 1799
954 1799
954 1220
1220 203
203 429
429 237
1155 237
1380 1155
558 1380
1467 234
2033 234
51 2033
1527 51
1100 1527
1100 415
415 141
141 1435
1435 235
235 266
1669 266
1669 471
1249 471
1249 80
1094 80
1094 1296
1296 284
284 2069
2234 2069
2310 2234
2310 1044
1052 1044
2038 1052
2218 2038
2218 2052
1549 2052
1549 1442
1442 1351
1351 2058
1065 2058
1065 1954
1116 1954
995 1116
995 1543
26 1543
662 26
558 662
1519 1540
1809 1519
1809 39
39 1066
1946 1066
1946 504
504 2074
2074 1888
1000 1888
697 1000
697 1887
1152 1887
1152 1177
1177 302
302 60
2278 60
1169 2278
1169 666
666 1754
1754 1880
1821 1880
418 1821
418 1648
1648 412
412 665
665 1027
1027 1381
1457 1381
1063 1457
1063 866
359 866
2267 359
2267 2015
2064 2015
2064 713
1575 713
558 1575
