1000
915 640
640 55
640 836
836 694
915 813
640 463
813 503
915 415
694 453
836 647
55 281
915 73
640 135
694 492
813 846
846 593
55 979
55 927
640 118
927 933
492 443
927 345
415 80
813 181
927 275
55 52
80 723
593 756
933 999
443 643
80 414
933 327
453 998
453 242
73 736
836 578
118 452
73 819
915 621
443 800
463 277
463 204
915 521
277 212
327 315
345 323
277 318
323 936
275 808
723 864
643 39
756 44
277 950
181 507
181 477
345 596
723 51
933 203
998 473
204 501
864 397
203 930
643 769
453 484
593 409
723 574
521 403
979 948
915 714
723 885
507 655
204 538
948 146
647 990
640 634
52 510
323 685
318 985
864 758
212 317
463 680
999 888
204 903
903 515
864 217
999 225
819 670
948 83
403 303
492 919
275 661
414 513
694 504
574 604
769 220
318 571
73 740
443 43
463 396
714 273
927 698
714 920
44 720
443 249
990 591
950 432
621 748
990 65
756 226
249 512
723 954
501 271
954 564
998 148
204 663
927 733
813 282
903 673
673 951
919 155
271 139
315 548
756 992
936 559
538 852
212 241
503 751
808 21
39 938
241 823
661 829
915 89
596 205
769 814
992 398
181 902
680 734
443 750
933 420
846 299
148 737
990 993
999 615
836 265
432 653
647 724
750 207
181 466
504 717
717 157
808 584
80 436
640 23
453 406
477 395
492 842
647 645
985 71
584 944
930 26
717 923
281 945
685 628
758 900
204 322
950 532
724 243
591 451
936 37
436 506
748 826
717 190
990 291
902 715
740 947
512 130
299 953
888 508
463 411
265 664
139 224
920 722
318 960
571 439
846 404
220 366
571 401
923 79
819 672
397 741
503 588
506 835
714 360
55 790
769 134
273 697
532 731
80 887
737 22
951 305
451 595
836 725
155 456
453 294
634 962
243 106
595 811
685 293
181 637
83 707
277 301
432 184
512 14
73 566
664 542
492 174
507 690
717 709
655 338
707 539
951 132
366 114
404 417
212 240
643 208
271 770
521 426
456 904
318 547
51 570
643 268
588 311
637 339
207 228
595 967
273 340
990 580
836 330
566 472
472 361
591 557
225 229
134 188
501 668
43 606
37 97
208 121
148 798
559 209
902 86
800 517
463 337
14 486
836 787
715 907
670 222
397 862
411 530
411 264
864 666
132 88
915 863
83 658
740 739
902 535
398 684
731 983
282 893
887 569
615 196
750 393
628 827
588 599
83 274
694 350
463 877
196 778
317 371
538 41
717 586
132 333
835 931
397 199
473 958
863 682
621 370
539 33
947 494
808 56
157 478
864 63
265 287
661 163
999 154
666 994
315 657
673 193
456 683
599 171
539 838
599 533
229 861
171 4
503 882
317 646
645 502
293 78
406 518
927 125
835 68
350 730
484 961
21 679
960 696
569 101
121 619
836 636
748 363
664 918
220 127
212 631
492 159
680 335
653 186
758 53
564 410
273 34
512 957
53 2
714 812
63 718
741 977
863 479
559 499
409 669
486 170
222 568
506 408
685 558
737 206
452 328
206 843
664 534
484 952
21 792
86 529
88 357
163 818
473 676
492 239
222 329
918 302
86 630
588 292
547 455
918 481
121 6
621 446
584 493
401 211
436 857
664 546
393 946
55 440
186 612
417 626
363 145
664 138
360 641
328 541
363 192
134 522
80 644
420 129
463 956
725 233
130 379
819 54
846 872
114 498
680 457
542 573
808 246
83 147
78 476
65 434
680 590
829 610
546 674
397 442
337 544
535 391
292 347
246 176
417 234
246 639
318 576
646 914
330 600
132 909
722 402
292 399
440 889
566 158
409 187
229 286
676 385
127 795
78 926
426 935
740 791
696 418
226 582
893 36
857 527
714 565
836 109
187 943
44 987
79 601
740 313
631 375
347 773
823 585
510 767
951 381
952 235
564 461
481 781
130 285
466 20
20 851
452 763
586 608
967 312
994 445
653 976
956 866
626 260
135 131
174 19
862 536
836 258
80 18
89 834
242 711
866 202
337 629
672 638
512 721
673 928
329 716
97 686
573 613
566 320
630 384
619 799
23 980
950 180
679 897
944 50
398 482
53 572
590 753
208 341
814 392
686 642
271 687
983 633
39 93
370 991
737 369
50 969
466 764
275 618
363 681
846 136
842 820
176 713
26 648
246 497
293 635
586 389
679 860
829 929
846 111
130 343
466 447
36 701
697 72
687 218
481 747
773 965
638 407
954 310
36 117
476 164
508 921
145 367
109 688
265 256
599 253
363 496
240 261
33 491
375 122
122 137
599 435
117 179
253 29
97 883
118 810
827 752
835 464
517 556
653 108
72 238
795 789
193 543
389 142
18 444
330 120
887 528
2 589
504 853
638 216
315 876
379 973
147 419
679 553
375 276
685 531
956 729
987 295
773 460
629 583
522 141
72 587
409 804
439 824
826 267
601 431
763 728
991 172
466 858
286 837
222 372
591 830
748 266
954 605
943 342
535 405
294 710
55 984
921 98
682 8
506 270
447 197
63 60
461 779
444 525
121 24
530 495
295 416
945 383
718 57
108 400
267 358
619 365
117 963
578 95
117 939
787 693
826 880
453 81
658 162
720 755
224 11
381 719
923 70
125 424
904 272
23 873
626 28
395 221
391 355
957 742
742 124
41 768
556 102
163 594
343 822
517 949
261 35
800 545
838 25
800 761
601 349
787 511
739 490
124 869
281 308
701 537
83 667
915 704
229 254
129 744
400 99
999 255
349 300
65 850
593 59
999 603
188 356
350 105
249 516
843 449
753 650
572 45
747 776
510 58
716 46
205 807
688 662
965 801
233 316
647 62
664 165
776 978
260 575
445 9
117 236
800 968
613 874
534 100
265 906
192 703
799 90
688 144
335 390
545 87
929 894
165 916
795 656
838 649
51 470
703 115
211 160
812 488
236 796
34 563
658 304
139 354
858 351
369 905
967 334
979 540
242 886
926 149
508 450
273 871
56 671
773 597
888 388
739 448
435 975
724 1000
605 793
571 859
499 110
723 651
493 428
188 910
494 250
285 805
229 772
543 96
690 825
752 623
753 562
228 307
603 652
718 153
772 708
416 616
226 167
916 30
87 831
229 895
943 727
914 833
303 803
478 214
829 925
157 150
11 336
747 844
565 168
872 31
282 549
356 840
593 856
100 215
825 378
747 69
703 966
840 213
428 423
333 614
676 749
503 678
363 620
657 474
313 777
385 816
680 554
379 934
559 394
218 632
668 421
19 878
478 331
918 469
323 896
647 269
37 244
130 959
228 802
302 955
335 143
816 3
36 344
604 675
281 47
11 296
117 624
57 84
658 227
872 76
620 284
652 362
801 732
580 438
587 386
711 198
366 579
578 705
409 884
614 422
304 17
268 487
188 607
501 551
130 40
580 123
934 937
337 380
99 430
25 185
390 659
833 809
181 689
331 986
641 870
59 489
635 151
47 201
435 988
522 15
50 61
207 133
477 982
859 847
349 182
880 247
731 898
379 780
808 66
601 766
255 592
308 555
957 942
720 879
311 377
846 735
980 169
69 262
977 932
668 995
680 692
25 759
836 346
827 892
528 325
247 94
829 625
893 219
162 107
807 245
931 309
632 152
121 113
842 200
507 326
432 183
328 821
214 189
652 92
185 465
813 832
176 12
397 231
685 627
155 104
683 332
995 848
329 519
959 839
200 924
102 654
658 788
862 997
349 806
69 279
963 922
693 996
605 462
539 7
296 908
986 981
630 458
976 817
218 27
516 454
203 865
309 230
404 374
490 912
347 524
17 140
888 74
947 173
95 786
806 210
513 760
335 913
698 467
918 828
442 321
171 622
790 941
720 251
880 77
330 166
377 468
895 298
298 797
407 611
536 376
952 91
932 387
26 67
955 743
419 500
693 867
192 911
851 485
380 561
162 289
298 726
582 38
546 471
4 771
778 712
31 48
39 412
436 677
130 475
973 112
892 706
977 191
54 382
814 5
835 901
551 42
428 785
926 75
614 881
142 429
787 738
429 283
200 263
804 505
624 974
409 359
401 774
125 368
466 353
502 660
810 523
143 602
910 514
107 161
683 665
749 178
328 854
647 82
172 841
189 437
533 433
753 970
444 278
426 765
121 49
549 459
710 314
747 156
710 288
387 10
514 427
323 364
50 425
655 784
659 782
740 891
412 890
408 257
887 441
557 917
302 259
442 560
440 223
370 695
25 845
998 177
932 526
743 195
492 13
270 617
298 745
17 849
426 324
69 868
406 509
21 319
636 855
839 103
671 1
905 252
624 194
586 128
84 306
191 754
407 248
945 552
213 746
731 16
222 815
239 567
765 757
730 232
855 783
266 352
5 119
758 971
678 85
145 581
767 290
107 700
286 964
1000 116
885 989
209 520
795 775
456 598
946 480
172 237
628 762
554 413
402 32
869 373
254 64
814 940
777 577
273 699
111 280
624 348
863 794
1 483
347 972
115 175
893 875
256 691
438 899
775 550
499 297
886 609
734 126
209 702
