989
404 342
342 311
342 972
311 801
311 529
529 643
972 51
529 116
116 892
116 263
972 155
155 608
311 860
263 540
972 327
263 122
51 709
972 139
122 932
709 619
608 901
139 438
901 243
540 649
608 820
619 763
972 663
342 398
932 333
438 907
820 4
709 219
529 902
122 499
663 966
860 339
339 322
540 197
333 12
499 921
901 692
892 835
608 315
820 320
139 570
12 669
608 642
570 685
820 128
12 314
398 260
763 515
322 629
608 731
608 843
122 952
243 251
570 870
966 768
499 877
243 464
921 508
843 787
263 704
342 760
669 330
669 347
333 76
843 223
820 646
515 936
515 268
608 984
404 837
902 501
801 811
499 105
629 509
608 454
663 20
333 162
811 235
642 168
515 44
529 756
128 221
709 161
860 121
669 279
907 977
811 409
121 924
870 428
311 867
902 222
570 866
105 555
342 730
843 246
811 136
246 523
768 943
540 97
768 9
162 234
139 233
608 345
870 526
345 948
902 800
921 944
835 882
870 918
570 381
952 895
161 199
314 596
20 817
428 81
339 674
320 861
685 426
619 99
44 352
709 678
197 252
99 349
643 50
685 441
349 858
168 601
509 774
943 332
685 949
233 56
882 497
858 291
162 299
678 585
972 19
339 838
768 616
952 361
731 264
136 445
616 281
540 513
233 747
222 28
882 938
322 83
616 289
28 539
252 85
252 544
924 742
756 653
704 784
445 657
333 809
649 637
315 95
860 433
709 847
685 666
972 844
223 158
347 475
260 491
404 200
158 655
221 63
330 344
499 983
398 157
646 553
756 611
685 301
409 202
281 444
339 546
870 212
404 603
222 356
866 632
544 680
433 589
398 68
44 39
921 683
63 126
882 210
320 111
608 493
320 873
68 165
315 898
409 392
632 132
861 316
936 728
540 427
12 248
263 578
619 793
264 710
760 538
136 561
603 55
809 786
649 216
809 26
426 368
155 346
570 518
139 396
85 718
475 440
546 118
685 957
314 2
515 926
95 74
843 579
895 461
601 171
680 355
674 390
924 964
322 452
949 383
898 62
837 588
820 306
4 682
128 852
793 488
709 365
368 738
19 218
578 591
289 576
344 581
132 385
433 147
539 120
248 224
197 465
984 746
649 729
728 511
932 906
657 754
44 606
578 566
964 294
809 283
513 961
663 833
349 745
877 651
223 569
427 726
526 463
260 694
83 382
162 476
646 312
726 230
566 282
526 584
784 737
924 549
197 113
20 33
786 273
365 654
50 22
365 550
906 848
314 743
81 644
546 766
870 419
918 634
311 478
97 890
22 70
171 981
731 575
666 247
747 715
342 196
330 371
643 534
118 456
566 14
529 455
356 323
70 23
747 364
20 459
730 245
252 211
585 693
508 915
601 845
139 421
427 676
718 135
283 436
570 174
634 813
252 568
344 215
427 164
4 193
518 668
544 292
436 375
235 547
221 933
745 736
221 804
157 41
892 366
364 148
728 702
961 560
833 424
20 10
200 457
644 711
838 220
398 40
352 559
97 635
383 532
26 131
786 590
731 939
657 389
283 779
136 18
279 976
199 554
283 753
949 896
312 880
279 955
126 950
644 500
820 827
760 458
409 462
561 270
12 780
164 61
478 814
500 625
596 408
381 418
774 556
12 624
301 272
961 374
312 325
540 712
224 881
629 985
99 489
895 82
95 600
497 402
333 832
649 816
325 94
121 725
230 810
981 792
126 449
816 910
76 191
837 717
158 93
18 641
715 724
882 819
462 805
827 406
421 241
625 372
977 849
926 75
2 242
949 407
122 623
702 750
952 627
283 87
747 767
372 796
281 859
938 267
981 127
961 420
715 359
801 879
70 207
368 903
475 937
252 941
837 78
724 71
805 978
784 446
729 667
736 853
746 110
901 970
392 664
907 628
544 400
121 821
540 109
83 638
763 335
796 67
589 177
121 473
349 771
22 460
230 209
966 722
600 971
766 759
603 166
383 982
26 265
933 701
408 422
710 258
731 58
491 909
76 741
649 830
191 740
879 77
44 818
272 410
576 986
792 695
760 305
493 35
433 228
404 778
475 828
420 480
655 141
162 348
126 739
97 484
570 856
717 34
241 417
939 414
120 213
200 980
68 115
291 893
126 86
532 494
289 720
539 764
625 542
110 522
294 92
396 403
712 626
539 502
301 442
753 269
478 808
596 43
461 255
127 64
616 468
634 929
28 687
264 188
809 677
532 887
444 354
924 614
890 31
898 602
576 412
740 545
955 533
663 167
77 434
306 916
793 45
750 296
93 794
774 159
489 840
814 528
712 705
230 557
664 205
164 876
157 721
926 91
301 11
964 430
568 531
314 708
561 855
251 495
532 758
685 823
819 477
78 231
92 435
435 516
412 633
601 154
400 261
890 761
584 841
654 288
747 203
361 308
197 360
325 788
265 958
986 785
332 114
288 517
859 595
247 757
867 875
118 387
682 443
220 416
71 145
424 681
58 250
35 181
445 567
952 507
234 453
926 886
623 922
408 130
600 42
306 160
602 240
638 593
856 871
410 79
461 328
421 580
949 280
355 679
157 536
263 6
879 900
623 744
709 36
721 558
637 384
926 798
753 696
870 271
978 80
475 447
866 310
231 815
105 275
887 706
205 307
442 266
131 198
452 884
644 140
518 617
114 942
36 923
569 386
753 607
972 962
282 304
595 149
468 391
359 872
792 413
220 16
299 144
191 719
128 485
22 537
264 751
288 106
676 405
288 905
71 697
730 450
983 512
984 244
375 103
526 393
760 940
845 25
740 975
866 799
430 214
787 431
390 862
221 496
220 889
785 888
456 184
79 467
837 206
567 807
875 917
876 415
847 703
778 925
22 363
453 967
805 399
174 217
497 620
517 190
406 470
547 947
467 176
915 752
717 146
937 733
557 53
158 727
924 101
718 598
643 850
531 303
489 379
509 170
434 57
750 951
190 762
932 474
330 295
845 117
702 935
529 134
443 370
843 864
74 842
827 770
266 338
476 298
674 714
488 519
830 178
515 340
2 469
799 54
455 317
469 665
332 156
271 783
64 630
268 802
666 324
270 137
161 854
475 143
933 868
333 24
683 824
606 904
406 735
556 956
962 650
461 563
868 108
763 564
70 46
136 605
815 195
933 960
665 353
120 225
6 582
245 60
540 885
154 749
754 527
898 930
476 648
500 524
720 388
524 781
121 401
714 119
724 987
638 897
489 927
79 530
202 89
737 17
964 378
427 914
317 8
10 920
469 286
455 236
866 7
7 201
119 290
695 336
512 899
710 357
898 189
452 239
412 700
446 376
638 776
866 429
389 583
95 285
680 300
130 652
61 552
344 795
235 874
215 326
938 974
191 249
737 277
332 775
11 471
547 397
522 592
740 377
511 65
717 150
924 684
787 525
614 59
502 52
781 928
899 863
139 394
844 662
407 857
207 755
909 194
480 707
190 124
291 671
35 699
122 15
542 358
160 573
871 226
234 341
213 5
352 123
298 565
633 498
93 256
634 946
838 451
786 187
440 586
527 112
678 541
918 37
136 411
222 988
744 969
460 686
828 825
677 574
942 29
932 506
779 713
25 834
628 599
101 192
988 334
567 257
650 309
853 979
20 373
943 331
335 660
569 487
234 716
827 748
103 38
484 238
77 869
744 622
489 479
281 253
701 615
252 612
629 639
212 959
962 329
393 535
502 797
512 490
241 505
20 636
265 658
844 789
555 259
285 973
802 47
970 69
929 723
270 831
116 319
226 138
454 919
164 913
223 180
550 227
828 806
450 448
349 208
238 562
216 423
456 769
132 510
221 276
285 367
497 32
209 782
657 891
935 577
474 175
841 790
378 73
365 521
820 604
567 878
792 691
624 179
558 483
397 486
77 698
774 66
300 142
821 186
871 362
808 836
177 90
589 640
334 618
505 262
745 84
89 183
918 548
710 609
246 839
372 129
509 571
951 908
387 439
8 482
359 883
362 572
743 102
760 656
312 337
325 96
874 278
138 274
400 481
420 466
354 953
900 232
751 27
408 675
813 690
118 673
920 551
435 351
596 98
222 152
825 772
273 88
225 21
462 287
74 204
539 395
142 865
241 894
4 661
204 803
527 954
583 284
740 846
908 151
553 293
616 254
814 732
52 182
141 822
289 773
65 72
412 100
909 911
38 791
985 48
583 297
497 945
528 613
561 13
655 492
792 380
947 765
728 689
854 670
251 647
81 934
127 350
671 133
880 153
366 504
41 543
347 829
364 659
741 1
648 302
739 812
541 107
355 169
746 610
363 3
90 229
934 369
593 968
888 472
441 672
347 645
523 963
122 237
781 514
374 826
802 30
441 734
152 437
558 503
111 185
745 597
89 688
867 912
82 965
293 989
116 321
720 163
944 520
771 313
313 631
918 425
701 172
142 104
62 587
910 318
195 49
663 851
24 125
949 173
577 777
599 621
473 594
560 432
188 343
437 931
